$SPEC_ID:
No sample description was entered.
$SPEC_REM:
DET# 1
DETDESC# EPS-140909 Easy-MCA-8k SN 16175454
AP# Maestro Version 7.01
$DATE_MEA:
03/02/2022 11:48:53
$MEAS_TIM:
3600 3604
$DATA:
0 8191
       0
       0
       0
       0
       0
       0
       0
       0
       0
       0
       0
       0
       0
       0
       0
       0
       0
       0
       0
       0
       0
       0
       0
       0
       0
       0
       0
       0
       0
       0
       0
       0
       0
       0
       0
       0
       0
       0
       0
       0
       0
      15
     505
     724
     395
     346
     337
     326
     321
     292
     322
     328
     347
     361
     414
     422
     416
     418
     409
     396
     351
     399
     377
     405
     375
     361
     358
     335
     344
     353
     360
     382
     370
     332
     357
     376
     373
     366
     340
     326
     334
     335
     357
     364
     341
     400
     364
     380
     370
     381
     422
     379
     387
     414
     427
     386
     413
     433
     439
     411
     431
     466
     445
     463
     460
     488
     548
     525
     571
     586
     566
     565
     550
     568
     616
     658
     602
     644
     615
     653
     674
     674
     674
     709
     729
     724
     731
     801
     765
     751
     763
     859
     783
     824
     834
     825
     948
     875
     882
     905
     885
     952
    1018
     882
     996
     992
     957
     973
    1070
    1059
    1035
    1044
    1025
    1080
    1038
    1096
    1114
    1075
    1175
    1047
    1083
    1054
    1185
    1104
    1152
    1119
    1148
    1171
    1253
    1237
    1242
    1300
    1251
    1248
    1354
    1317
    1330
    1291
    1293
    1305
    1319
    1318
    1203
    1207
    1178
    1171
    1153
    1214
    1240
    1121
    1183
    1193
    1238
    1181
    1176
    1257
    1232
    1194
    1197
    1190
    1215
    1170
    1257
    1248
    1219
    1271
    1190
    1221
    1234
    1192
    1173
    1171
    1180
    1235
    1260
    1148
    1172
    1161
    1231
    1191
    1204
    1094
    1150
    1188
    1101
    1142
    1146
    1088
    1089
    1126
    1082
    1111
    1140
    1102
    1128
    1122
    1068
    1121
    1086
    1048
    1083
    1128
    1094
    1085
    1065
    1007
    1061
    1038
    1046
    1083
    1052
    1061
    1088
    1111
    1053
    1003
    1018
    1051
    1009
    1022
     983
    1017
     992
     974
     997
    1045
    1003
     987
     993
     997
     947
     959
     953
     970
     959
     947
     915
     931
     910
     940
     906
     930
     927
     921
     843
     924
     874
     864
     895
     887
     877
     925
     889
     906
     835
     930
     886
     902
     903
     836
     930
     883
     834
     927
     857
     811
     901
     830
     789
     833
     852
     794
     798
     825
     813
     792
     831
     771
     801
     811
     723
     747
     768
     786
     755
     773
     785
     787
     736
     727
     768
     773
     686
     729
     730
     722
     733
     723
     707
     727
     704
     724
     704
     733
     702
     701
     693
     662
     675
     685
     671
     683
     689
     652
     714
     617
     651
     661
     678
     635
     663
     646
     595
     633
     628
     604
     648
     612
     584
     627
     625
     590
     609
     635
     599
     580
     575
     554
     583
     527
     555
     566
     565
     602
     581
     563
     545
     586
     600
     571
     514
     509
     558
     563
     541
     551
     547
     494
     511
     557
     529
     554
     544
     494
     490
     546
     518
     509
     482
     466
     516
     512
     481
     553
     509
     490
     503
     513
     467
     440
     467
     475
     469
     493
     449
     459
     522
     473
     457
     465
     468
     495
     500
     525
     518
     481
     437
     427
     469
     458
     407
     440
     442
     402
     442
     409
     435
     468
     391
     372
     393
     444
     429
     432
     422
     424
     412
     377
     386
     380
     394
     402
     400
     367
     403
     395
     371
     432
     419
     394
     398
     380
     377
     407
     391
     399
     404
     379
     392
     376
     405
     370
     370
     375
     351
     370
     348
     356
     379
     401
     383
     370
     342
     311
     331
     368
     325
     328
     325
     353
     354
     333
     314
     323
     306
     354
     339
     328
     335
     306
     353
     317
     304
     302
     321
     328
     281
     312
     283
     309
     307
     281
     324
     303
     279
     301
     299
     294
     275
     284
     287
     305
     296
     297
     303
     300
     326
     302
     273
     272
     289
     290
     310
     282
     293
     286
     296
     280
     271
     272
     285
     272
     298
     319
     421
     487
     555
     579
     509
     461
     370
     362
     327
     337
     311
     305
     311
     290
     284
     256
     221
     232
     238
     273
     241
     219
     257
     243
     234
     214
     211
     228
     235
     232
     248
     200
     222
     242
     218
     214
     222
     237
     235
     198
     252
     204
     235
     230
     216
     207
     213
     198
     195
     213
     226
     215
     213
     229
     219
     216
     221
     213
     192
     206
     202
     204
     184
     195
     190
     189
     193
     206
     179
     194
     180
     182
     193
     209
     218
     199
     187
     197
     217
     210
     197
     174
     177
     185
     197
     179
     224
     192
     190
     203
     165
     196
     201
     213
     214
     176
     163
     170
     204
     165
     190
     188
     173
     168
     160
     168
     154
     161
     188
     155
     192
     170
     145
     160
     189
     153
     178
     164
     145
     151
     163
     166
     158
     165
     175
     168
     168
     148
     166
     174
     169
     216
     198
     215
     267
     271
     247
     213
     175
     182
     170
     152
     167
     152
     169
     154
     175
     164
     151
     166
     148
     141
     168
     158
     156
     134
     131
     148
     167
     183
     167
     200
     207
     185
     175
     162
     152
     125
     135
     130
     124
     139
     138
     118
     128
     137
     116
     138
     122
     133
     134
     121
     127
     139
     107
     142
     118
     141
     133
     124
     125
     120
     146
     128
     139
     125
     123
     125
     124
     118
     127
     125
     125
     146
     135
     113
     122
     141
     156
     107
     136
     137
     136
     122
     138
     140
     130
     123
     132
     123
     135
     102
     115
     113
     119
     131
     130
     118
     123
     116
     136
     123
     122
     146
     167
     164
     162
     150
     171
     146
     133
     103
     126
     140
     114
     124
     101
     109
     127
     116
     129
      96
     105
     110
     110
      85
     118
     117
     119
     114
     101
     108
     126
     154
     172
     199
     284
     271
     285
     263
     185
     143
     118
     113
      90
      90
      85
      99
     104
     104
      96
     106
      87
      89
      96
      84
      97
     105
      95
     107
      80
      92
     115
     100
      85
      85
     103
      91
      92
     103
     102
     101
      91
      96
      95
     102
      92
      94
      78
      75
      86
      80
      86
      90
      88
      81
      83
      74
      85
      91
      97
     123
      81
      98
     110
     102
      82
      96
      78
      75
      80
      95
     104
      92
      67
      97
      88
      93
      69
      97
      95
      91
     106
      92
      91
      95
      75
      91
     103
      81
      95
      86
      86
      80
     100
     104
      76
      83
      81
      93
      85
      82
      75
      86
      68
     104
      80
      91
      82
      87
      88
      84
      74
      88
      80
     104
      86
      75
      79
      77
      65
      74
      90
      75
      85
      71
      82
      85
      83
      86
      84
      69
      92
      73
      84
      69
      68
      85
      84
      81
      93
     102
      79
      94
      86
      61
      70
      83
      77
      76
      76
      82
      64
      84
      65
      74
      75
      68
      92
      84
      73
      72
      80
      66
      99
      67
      69
      64
      81
      66
      75
      73
      77
      73
      75
      80
      66
      72
      83
      81
      70
      72
      78
      65
      67
      71
      57
      73
      69
      64
      56
      79
      77
      72
      69
      77
      73
      87
      57
      62
      56
      65
      72
      68
      61
      73
      59
      70
      67
      83
      61
      79
      73
      59
      68
      75
      63
      64
      74
      69
      64
      65
      66
      59
      57
      77
      68
      72
      57
      55
      62
      65
      59
      61
      50
      72
      61
      52
      67
      64
      62
      57
      56
      64
      72
      65
      83
      67
      71
      71
      67
      57
      63
      59
      48
      64
      59
      69
      56
      64
      80
      57
      75
      47
      78
      85
      85
      89
      60
      75
      48
      69
      59
      61
      75
      46
      52
      52
      77
      55
      67
      63
      49
      54
      40
      62
      64
      68
      62
      53
      73
      54
      54
      54
      57
      46
      52
      55
      60
      48
      61
      56
      61
      49
      67
      59
      63
      78
      68
      57
      54
      47
      62
      54
      65
      54
      63
      51
      41
      40
      58
      55
      46
      50
      57
      53
      53
      44
      54
      54
      58
      54
      46
      50
      60
      49
      66
      47
      54
      41
      47
      55
      58
      50
      50
      49
      52
      59
      50
      41
      37
      61
      44
      40
      59
      57
      44
      59
      40
      55
      63
      66
      46
      55
      44
      58
      39
      52
      54
      47
      47
      84
      62
      72
      67
     101
      92
      97
     117
     115
     100
     105
      76
      81
      56
      46
      60
      50
      47
      56
      44
      60
      56
      62
      47
      48
      43
      57
      49
      51
      45
      45
      49
      55
      48
      49
      38
      49
      42
      53
      51
      51
      38
      49
      55
      48
      45
      39
      46
      50
      57
      35
      56
      45
      51
      48
      47
      46
      49
      49
      51
      61
      43
      42
      40
      45
      51
      56
      55
      47
      38
      55
      44
      39
      47
      46
      36
      39
      42
      41
      57
      43
      55
      52
      50
      45
      48
      62
      39
      39
      54
      45
      51
      52
      44
      48
      46
      56
      49
      52
      37
      43
      34
      40
      39
      56
      41
      49
      48
      52
      36
      41
      42
      42
      37
      50
      37
      37
      54
      43
      52
      42
      43
      43
      44
      60
      46
      31
      42
      56
      38
      38
      37
      45
      55
      36
      41
      35
      38
      43
      45
      50
      42
      47
      50
      52
      45
      50
      53
      55
      54
      44
      36
      39
      42
      52
      50
      43
      46
      39
      41
      38
      50
      37
      41
      49
      41
      39
      44
      48
      34
      54
      55
      85
      96
     143
     144
     145
     165
     127
     103
      63
      57
      42
      52
      33
      41
      45
      33
      39
      42
      35
      41
      49
      39
      34
      32
      38
      47
      23
      37
      26
      32
      35
      51
      51
      45
      37
      35
      43
      47
      38
      38
      26
      30
      36
      42
      36
      40
      36
      35
      42
      44
      51
      41
      56
      53
      32
      30
      47
      47
      45
      45
      51
      94
     135
     129
     175
     207
     169
     148
     132
      61
      66
      53
      41
      41
      33
      35
      42
      32
      51
      37
      27
      41
      33
      31
      33
      24
      42
      33
      35
      43
      42
      42
      26
      29
      31
      30
      36
      24
      33
      36
      28
      36
      35
      37
      35
      25
      37
      31
      28
      30
      43
      32
      39
      43
      32
      27
      28
      37
      27
      46
      46
      31
      45
      37
      32
      33
      30
      34
      31
      41
      42
      40
      36
      34
      32
      34
      44
      26
      35
      41
      28
      28
      34
      45
      38
      27
      34
      41
      37
      28
      41
      37
      32
      29
      32
      36
      30
      39
      33
      38
      32
      28
      33
      37
      34
      32
      23
      30
      37
      37
      46
      33
      27
      39
      31
      26
      24
      26
      25
      33
      33
      32
      30
      31
      37
      53
      51
      49
      58
      40
      37
      37
      36
      23
      36
      41
      27
      30
      36
      35
      25
      37
      30
      41
      39
      30
      27
      33
      30
      27
      31
      28
      28
      31
      34
      31
      31
      24
      39
      32
      35
      33
      38
      37
      29
      29
      31
      25
      39
      40
      34
      24
      37
      31
      35
      47
      33
      38
      38
      25
      27
      25
      35
      39
      31
      33
      26
      28
      30
      36
      43
      22
      39
      29
      32
      27
      35
      26
      32
      30
      21
      31
      38
      31
      25
      32
      39
      34
      30
      31
      24
      25
      29
      34
      43
      28
      23
      28
      29
      36
      33
      23
      22
      29
      42
      38
      29
      34
      33
      26
      30
      38
      21
      29
      30
      33
      31
      33
      26
      33
      31
      27
      35
      31
      38
      29
      19
      30
      32
      41
      28
      29
      26
      26
      34
      23
      30
      23
      28
      31
      29
      39
      23
      32
      27
      27
      25
      29
      30
      38
      25
      37
      30
      30
      32
      34
      37
      33
      42
      55
      44
      61
      47
      49
      36
      36
      30
      23
      34
      31
      29
      33
      25
      29
      31
      26
      41
      25
      23
      39
      38
      20
      35
      28
      31
      21
      23
      33
      31
      27
      29
      22
      32
      18
      33
      28
      20
      22
      26
      33
      30
      33
      24
      29
      28
      25
      23
      27
      31
      32
      25
      21
      27
      33
      25
      30
      21
      31
      33
      28
      33
      31
      24
      31
      33
      35
      20
      25
      41
      24
      31
      26
      24
      31
      31
      25
      28
      26
      36
      27
      33
      25
      21
      39
      31
      25
      31
      29
      25
      30
      33
      25
      32
      30
      47
      29
      37
      37
      29
      26
      21
      26
      38
      24
      22
      46
      26
      27
      25
      29
      25
      27
      21
      25
      25
      27
      32
      31
      32
      24
      33
      25
      21
      31
      25
      19
      26
      22
      16
      27
      33
      30
      25
      27
      27
      40
      31
      30
      35
      32
      27
      30
      32
      26
      24
      18
      30
      23
      18
      17
      26
      27
      25
      21
      29
      36
      34
      40
      30
      42
      34
      31
      26
      26
      15
      25
      15
      23
      19
      20
      22
      23
      21
      21
      19
      21
      31
      18
      19
      24
      18
      30
      29
      33
      20
      28
      34
      20
      23
      23
      25
      22
      19
      25
      33
      35
      18
      20
      29
      22
      22
      25
      15
      16
      19
      20
      25
      29
      25
      23
      21
      26
      27
      18
      16
      19
      28
      14
      13
      23
      28
      24
      21
      22
      32
      24
      32
      22
      26
      23
      17
      21
      24
      28
      25
      29
      23
      20
      16
      23
      25
      24
      28
      27
      19
      23
      20
      12
      15
      22
      23
      20
      40
      30
      28
      35
      28
      23
      21
      21
      24
      27
      30
      22
      20
      32
      27
      28
      28
      20
      21
      29
      22
      23
      24
      29
      17
      31
      17
      26
      34
      26
      17
      19
      24
      18
      27
      20
      15
      27
      19
      21
      24
      25
      26
      22
      18
      22
      21
      24
      17
      20
      26
      24
      27
      23
      16
      29
      34
      33
      29
      30
      40
      26
      27
      21
      25
      18
      25
      29
      17
      20
      21
      26
      20
      26
      17
      26
      20
      22
      22
      26
      18
      22
      19
      17
      21
      21
      26
      30
      24
      27
      26
      19
      20
      29
      14
      19
      15
      29
      27
      22
      23
      21
      18
      19
      26
      16
      16
      15
      20
      25
      14
      17
      20
      31
      22
      22
      23
      25
      19
      23
      27
      24
      19
      17
      21
      14
      19
      16
      24
      15
      32
      23
      20
      20
      19
      19
      23
      28
      15
      22
      24
      21
      19
      28
      10
      20
      26
      33
      15
      22
      16
      25
      32
      22
      11
      17
      25
      22
      25
      26
      23
      26
      30
      18
      26
      20
      22
      20
      18
      18
      11
      19
      33
      50
      51
      73
     112
     105
      92
      93
      76
      42
      32
      25
      19
      16
      19
      19
      27
      20
      18
      22
      13
      20
      18
      17
      21
      16
      18
      24
      17
      24
      13
      22
      22
      25
      17
      23
      22
      19
      19
      22
      16
      21
      27
      23
      12
      19
      18
      19
      21
      18
      16
      22
      28
      21
      22
      28
      35
      28
      26
      36
      34
      28
      29
      24
      20
      12
      16
      26
      20
      18
      13
      21
      17
      18
      15
      16
      18
      18
      20
      18
      19
      16
      17
      17
      28
      20
       9
      24
      20
      21
      20
      17
      18
      24
      20
      17
      21
      20
      18
      15
      25
      18
      31
      18
      22
      15
      19
      27
      21
      10
      19
      27
      15
      16
      10
      24
      21
      20
      16
      22
      13
      17
      17
      20
      19
      23
      23
      37
      27
      34
      23
      35
      40
      27
      21
      31
      44
      37
      62
      70
      64
      70
      60
      40
      40
      23
      32
      22
      17
      18
      23
      21
      15
      20
      19
      16
      17
      20
      21
      19
      25
      19
      20
      25
      12
      21
      18
      14
      25
      19
      16
      27
      21
      16
      13
      15
      16
      21
      18
      12
      12
      20
      25
      17
      20
      19
      18
       9
      16
      19
      11
      29
      19
      14
      17
      22
      18
      16
      16
      17
      17
      19
      17
      21
       9
      13
      14
      17
      16
      19
      19
      20
      16
      28
      21
      24
      28
      14
      19
      22
      16
      17
      27
      22
      17
      14
      20
      13
      18
      14
      10
      18
      26
      12
      23
      21
      18
      11
      17
      14
      21
      19
      22
      14
      11
      22
      24
      20
      16
      14
      19
      17
      26
      13
      19
      15
      14
      10
      22
      16
      15
      21
      11
      21
      15
      13
      22
      20
      21
       5
      17
      22
      25
      18
      14
      17
      18
      12
      16
      23
      14
      18
      23
      28
      16
      17
      15
      20
      13
      21
      18
      12
      24
      21
      19
      18
      21
      19
      22
      15
      18
      14
      20
      11
      17
      16
      18
      25
      17
      13
      22
      19
      16
      12
      14
      10
      15
      21
      13
      19
      17
      13
      13
      17
      11
      15
      19
      20
      18
      27
      20
      19
      20
      24
      24
      14
      21
      19
      17
      17
      16
      18
      16
      18
      12
      14
      15
      17
      13
      17
      12
      20
      21
       7
      21
      21
      16
      16
      26
      14
      19
      13
      17
      18
      15
      19
      23
      20
      15
      16
      14
      20
      17
      18
      19
      16
      14
      24
      17
      20
      23
      23
      18
      11
      11
      18
      18
      11
      19
      22
      15
      19
      19
      16
      21
      16
      21
      22
      10
      19
      21
      15
      15
      19
      16
      13
      18
      16
      18
      15
      21
      16
      23
      16
      16
      12
      19
      18
      11
      20
      12
      11
      17
      27
      28
      17
      17
      22
      23
      16
      12
      15
      11
      17
      16
      11
      13
      13
      24
      11
      18
      17
      15
      25
      17
      10
      23
      27
      16
      19
      12
      17
      11
      20
      18
      11
      18
      22
      25
       9
      14
      15
      17
      12
      22
      17
      17
      17
      14
      19
      14
      14
      16
      15
      14
      19
      12
      24
      21
      33
      32
      33
      36
      35
      30
      30
      21
      18
      27
      20
      43
      39
      44
      60
      51
      52
      49
      23
      26
      25
      23
      19
      19
      11
      17
      12
      18
      20
      12
      23
      24
      16
      21
      14
      19
      17
      13
      15
      28
      21
      22
      18
      14
      17
      16
      25
      17
      19
      11
      19
      18
      22
      20
      15
      19
       7
      19
      16
      12
      16
      17
      22
      12
      15
      11
      20
      19
      16
      23
      19
      21
      15
      14
      22
      21
      23
      14
      15
      15
      16
      25
      18
      19
      16
      23
      22
      19
      18
      15
      14
      21
      24
      15
      17
      21
      13
      24
      24
      25
      12
      20
      19
      17
      18
      19
      16
      18
      22
      23
      13
      20
      19
      15
      12
      20
      20
      15
      16
      16
      22
      19
      20
      14
      17
      16
      20
      11
      18
      24
      21
      17
      18
      23
      30
      35
      42
      59
      49
      39
      35
      40
      18
      22
      19
      13
      12
       9
      13
      14
      16
      19
      23
      16
      19
      21
      24
      21
      11
      18
      14
      19
      13
      17
       9
      17
      15
      16
      20
      19
      21
      25
      15
      13
      16
      14
      20
      20
      15
      15
      23
      17
      17
      12
      15
      25
      20
      20
      19
      23
      19
      20
      18
      25
      16
      16
      18
      22
      24
      18
      18
      17
      17
      26
      14
      21
      15
      11
      17
      13
       9
      23
      14
      22
      13
      22
      18
      17
       9
      16
      14
      17
      25
      20
      14
      17
      15
      19
      23
      17
      13
      18
      22
       7
      14
      14
      12
      17
      21
      19
      20
      11
      15
       9
      28
      20
      11
      15
      22
      16
      13
      20
      22
      26
      14
      15
      12
      18
      14
      14
      19
      13
      23
      16
      13
      24
      19
      20
      24
      29
      15
      13
      22
      28
      10
      21
      20
      26
      16
      19
      22
      15
      22
      20
      19
      16
      24
      31
      36
      35
      35
      25
      17
      16
      20
      28
      15
      16
      19
      15
       8
      15
      15
      20
       9
       9
      12
      18
      17
      10
      11
      10
      22
      12
      13
      18
      13
       9
       8
      13
      19
      10
      13
      17
      23
      11
      15
      12
      20
      17
       7
      16
      16
      12
      12
      11
      11
      18
      13
      10
      13
      11
      15
       9
      18
      15
      15
      14
       9
       9
       8
      13
      17
       7
      19
       9
       9
      13
      10
      10
      14
       9
      10
      11
      10
      11
       9
      13
      10
      13
      16
      13
      16
      15
      17
      17
      16
      16
      12
      15
      12
      12
       5
      11
      12
      14
      15
      12
      14
      17
      12
      16
      15
      16
      14
      13
      17
      15
      15
      15
      17
      16
      19
       8
      12
       8
      13
      16
      12
       8
       7
      16
       8
       8
      15
      18
      12
      14
       5
      11
      11
      10
      20
      11
      11
      10
       7
      10
       5
      10
      11
       6
      16
      13
      10
       6
      11
       8
      13
       9
      14
       9
       3
       7
       8
      12
       8
      11
       5
      16
      12
      13
      10
       8
      10
       6
      13
      14
      10
      13
      10
      10
       9
       8
      14
      12
       9
      10
      10
      17
      11
      10
       6
      10
       4
       4
      11
      13
      14
      11
      13
       8
      23
       6
       5
      12
       9
       9
       9
      13
       6
       9
       9
       9
       6
       7
      11
      11
      12
      12
       9
       9
      11
      11
      13
      17
      18
      28
      29
      40
      34
      19
      21
      21
       8
       9
       9
      10
       9
       7
       5
      15
      13
      12
       9
       8
       3
       9
       6
       6
      14
       9
       9
       8
       5
      10
       6
       8
      10
       9
       9
       8
       6
      10
       6
       8
       8
      11
       5
       3
      12
      11
      10
      10
      13
       7
       9
       5
       5
      17
       3
       5
       9
       6
       5
       7
       8
       9
       4
      10
       7
      10
      17
       7
       5
       9
       3
       4
       9
       5
       8
       7
       5
      12
       7
       5
       4
       4
      10
       1
       6
       3
       5
       6
      12
       6
       8
      10
       4
      10
       4
       9
       9
       8
       8
       5
       5
       5
       5
       8
      10
      14
      15
      17
      23
      14
       9
      13
      12
      10
       8
       6
       6
       6
       3
       7
       5
       8
       5
       6
      14
      11
      10
       2
       6
       9
       7
       7
       7
       6
       7
       9
       7
       4
       6
       5
       7
       6
       7
       6
       6
       4
       7
       4
       5
       5
       8
      11
       4
       2
       4
       4
       8
       4
       7
       5
       1
       9
      18
       7
       8
      13
       5
       5
       5
       6
       4
       4
       6
       7
      10
      10
       8
      12
      12
       9
      13
      12
      10
       6
      10
       7
       6
       8
       7
       2
       9
       9
       6
       4
       6
       4
       8
      12
       8
       4
       6
      10
       6
       3
       7
       5
       8
       7
       8
       3
       7
       5
       3
       7
       6
       5
       5
       4
       7
       5
      11
       6
       7
       8
      12
       6
       6
       7
      10
       4
       3
       8
       9
       5
       6
       5
       8
       6
       5
       6
       4
       4
       2
       6
       5
       3
       1
       6
       4
      12
       7
       7
       5
       9
       5
       6
       5
       4
       7
       4
       7
       5
      10
       6
       6
       2
       5
       6
       7
       6
       7
       5
      12
       6
       2
       5
       4
       5
       4
       8
       6
       7
       8
       2
       5
       9
       8
       3
       7
       7
      11
      10
      10
       9
      17
      24
      46
      73
     121
     200
     277
     352
     335
     344
     289
     197
     149
      58
      56
      19
      13
       7
       2
       2
       4
       5
       3
       4
       4
       3
       1
       3
       3
       4
       5
       3
       1
       3
       4
       2
       3
       1
       4
       5
       1
       2
       4
       3
       4
       3
       5
       1
       5
       3
       6
       5
       3
       2
       4
       3
       4
       3
       2
       4
       4
       4
       1
       7
       4
       3
       2
       5
       3
       2
       2
       1
       1
       6
       2
       5
       3
       6
       3
       7
       0
       3
       1
       3
       6
       2
       4
       3
       6
       7
      10
       6
       5
       5
       7
       6
       2
       6
       6
       2
       7
       4
       5
       2
       4
      10
       4
       4
       4
       2
       5
       1
       2
       3
       6
       2
       6
       4
       7
       6
       7
      11
      15
       3
       3
       5
       3
       1
       5
       6
       3
       4
       5
       3
       9
       2
       3
       3
       6
       3
       5
       4
       4
       4
       6
       5
       2
       2
       5
       1
       3
       4
       5
       3
       4
       3
       5
       2
       4
       0
       2
       3
       5
       1
       5
       6
       4
       3
       4
       7
       4
       6
       5
       2
       3
       4
       2
       5
       3
       3
       5
       3
       7
       3
       2
       4
       7
       4
       4
       3
       4
       6
       5
       2
       7
       6
       4
       7
       4
       3
       9
       4
       4
       5
       3
       3
       3
       0
       3
       3
       2
       6
       0
       5
       3
       4
       4
       5
       6
       3
       2
       2
       2
       5
       2
       3
       4
       0
      12
       2
       1
       1
       7
       1
       4
       1
       4
       3
       4
       4
       3
       6
       5
       3
       6
       1
       3
       1
       2
       2
       4
       2
       4
       3
       5
       3
       2
       1
       3
       1
       3
       3
       3
       1
       6
       1
       4
       4
       2
       5
       5
       4
       2
       3
       2
       4
       4
       4
       4
       1
       6
       1
       0
       6
       6
       3
       1
       3
       3
       3
       6
       3
       4
       7
       7
       9
       4
       4
       8
       3
       7
       9
       5
       7
       9
       7
      11
      14
       6
      10
       9
      14
       8
      12
      13
      12
      15
      15
       7
       7
       7
       8
       2
       3
       2
       2
       1
       4
       4
       5
       4
       4
       2
       2
       2
       2
       1
       3
       2
       4
       2
       3
       1
       2
       2
       2
       2
       3
       3
       2
       1
       1
       0
       1
       4
       3
       5
       2
       1
       5
       4
       5
       0
       2
       3
       3
       2
       2
       1
       5
       0
       3
       2
       2
       6
       5
       1
       4
       5
       6
       4
      10
       4
       6
       5
       4
       1
       8
       4
       4
       5
       3
       4
       3
       7
       1
       5
       2
       8
       5
       5
       4
       3
      11
       9
       4
       8
       7
       5
       2
       1
       3
       3
       1
       1
       4
       7
       2
       9
       7
       6
       2
       7
       3
       2
       4
       4
       0
       2
       3
       6
       1
       1
       0
       4
       3
       4
       6
       1
       3
       2
       4
       1
       1
       3
       0
       3
       0
       2
       1
       4
       3
       3
       0
       3
       3
       4
       7
       4
       0
       1
       4
       2
       3
       2
       3
       1
       0
       1
       2
       3
       4
       6
       7
       5
       6
       3
      10
       4
       3
       2
       4
       3
       3
       2
       3
       6
       6
       2
       2
       2
       3
       3
       3
       2
       1
       4
       3
       3
       3
       1
       3
       2
       4
       1
       0
       2
       2
       4
       3
       2
       3
       1
       3
       4
       3
       4
       3
       4
       1
       1
       3
       3
       1
       1
       5
       0
       6
       0
       2
       3
       2
       2
       6
       2
       2
       4
       4
       1
       4
       1
       4
       5
       2
       1
       0
       3
       3
       4
       2
       1
       1
       0
       4
       1
       2
       3
       1
       4
       5
       3
       1
       1
       1
       1
       2
       4
       3
       3
       3
       2
       3
       2
       1
       4
       0
       2
       0
       2
       3
       4
       1
       3
       4
       4
       1
       4
       0
       4
       2
       3
       0
       1
       2
       1
       2
       1
       0
       1
       2
       2
       2
       5
       0
       1
       3
       2
       4
       1
       2
       2
       5
       3
       4
       1
       3
       4
       5
       3
       3
       1
       4
       5
       6
       3
       3
       1
       0
       5
       4
       1
       9
       5
       8
       5
      13
       9
       3
       6
      12
       8
       4
       3
       4
       2
       3
       2
       2
       3
       1
       0
       3
       3
       4
       2
       4
       0
       2
       1
       4
       2
       2
       1
       2
       1
       1
       2
       0
       3
       3
       1
       1
       1
       0
       0
       1
       6
       5
       4
       1
       2
       2
       0
       5
       3
       2
       0
       1
       2
       3
       4
       1
       1
       2
       1
       2
       3
       1
       3
       3
       2
       5
       1
       2
       7
       5
       4
       3
       2
       4
       5
      11
      18
      21
      30
      33
      39
      36
      32
      15
      13
      11
       5
       4
       5
       2
       2
       0
       3
       1
       2
       3
       4
       1
       1
       1
       2
       0
       1
       2
       3
       1
       2
       1
       1
       1
       2
       1
       0
       1
       2
       2
       5
       1
       1
       1
       2
       2
       3
       0
       0
       2
       1
       1
       2
       3
       1
       2
       1
       3
       2
       1
       5
       1
       0
       3
       0
       2
       3
       2
       0
       0
       1
       1
       3
       2
       0
       2
       2
       1
       4
       0
       1
       3
       2
       1
       2
       2
       2
       0
       1
       1
       3
       0
       5
       1
       0
       3
       4
       1
       3
       6
       2
       0
       1
       3
       4
       0
       0
       0
       1
       3
       2
       1
       1
       5
       1
       2
       2
       2
       1
       3
       3
       2
       0
       0
       1
       2
       0
       2
       5
       2
       4
       3
       2
       7
       0
       2
       4
       4
       1
       1
       2
       2
       2
       1
       1
       3
       1
       3
       1
       2
       2
       1
       0
       2
       2
       1
       1
       2
       0
       1
       2
       1
       4
       0
       2
       3
       2
       2
       1
       1
       0
       1
       0
       3
       2
       3
       2
       1
       2
       2
       0
       3
       2
       1
       2
       2
       1
       2
       1
       1
       1
       5
       2
       6
       4
       9
       7
       5
       4
       3
       6
       5
       5
       6
       3
       4
       1
       5
       0
       1
       2
       2
       1
       1
       6
       1
       3
       2
       2
       4
       1
       2
       4
       1
       3
       1
       3
       3
       3
       1
       0
       2
       0
       4
       3
       1
       0
       0
       2
       4
       1
       3
       3
       0
       1
       2
       0
       0
       0
       0
       1
       1
       0
       5
       3
       2
       2
       3
       2
       1
       3
       1
       2
       3
       3
       0
       8
       3
       2
       3
       6
       1
       2
       0
       1
       3
       0
       1
       1
       1
       1
       3
       1
       2
       0
       2
       1
       3
       2
       1
       1
       6
       1
       3
       3
       3
       3
       3
       1
       2
       4
       3
       2
       1
       1
       3
       2
       2
       1
       1
       1
       5
       4
       5
       2
       2
       1
       4
       2
       2
       2
       3
       0
       4
       1
       3
       1
       4
       2
       4
       2
       2
       0
       4
       2
       0
       2
       4
       2
       1
       0
       3
       1
       3
       1
       2
       4
       3
       1
       3
       2
       1
       4
       1
       2
       3
       2
       2
       0
       4
       2
       1
       1
       0
       2
       3
       1
       1
       1
       2
       3
       1
       4
       2
       1
       2
       4
       3
       2
       2
       2
       1
       0
       4
       2
       0
       1
       0
       3
       4
       2
       0
       1
       2
       4
       1
       5
       3
       2
       1
       1
       5
       2
       1
       2
       4
       4
       6
       3
       3
       3
       4
       2
       3
       1
       0
       1
       3
       3
       3
       1
       1
       5
       1
       1
       5
       2
       4
       0
       1
       3
       3
       1
       2
       1
       1
       4
       1
       6
       0
       1
       5
       1
       3
       1
       2
       1
       2
       1
       1
       2
       1
       6
       2
       2
       1
       3
       2
       1
       1
       3
       0
       4
       2
       2
       2
       5
       2
       0
       5
       3
       1
       3
       2
       4
       0
       1
       2
       0
       1
       0
       2
       4
       3
       4
       1
       5
       2
       2
       1
       1
       1
       2
       2
       2
       2
       1
       0
       1
       2
       2
       2
       2
       3
       2
       1
       1
       0
       1
       6
       3
       5
       3
       0
       2
       0
       4
       4
       5
       3
       3
       0
       2
       0
       1
       1
       5
       2
       3
       0
       1
       0
       0
       2
       0
       1
       4
       1
       1
       4
       4
       1
       1
       2
       1
       3
       3
       3
       1
       1
       1
       2
       1
       3
       3
       0
       0
       1
       1
       4
       0
       1
       5
       0
       2
       2
       4
       1
       0
       4
       1
       2
       0
       2
       1
       2
       6
       2
       6
       1
       4
       2
       1
       0
       3
       0
       4
       3
       2
       1
       0
       2
       2
       0
       3
       2
       2
       1
       3
       2
       1
       2
       1
       2
       2
       2
       2
       2
       2
       3
       0
       2
       1
       3
       0
       3
       2
       3
       2
       2
       3
       0
       2
       2
       3
       1
       4
       2
       2
       2
       1
       2
       2
       1
       3
       2
       2
       1
       0
       0
       3
       1
       1
       0
       1
       1
       5
       1
       3
       3
       1
       3
       3
       3
       2
       0
       1
       0
       3
       1
       2
       1
       1
       0
       1
       1
       1
       1
       2
       3
       2
       0
       0
       1
       0
       1
       1
       2
       1
       2
       1
       2
       3
       3
       0
       5
       3
       1
       0
       1
       1
       3
       0
       1
       3
       0
       1
       2
       2
       2
       3
       0
       2
       3
       1
       3
       1
       1
       1
       2
       3
       2
       1
       2
       1
       3
       1
       1
       3
       3
       2
       2
       7
       2
       3
       2
       5
       3
       0
       0
       1
       1
       2
       1
       1
       1
       3
       2
       3
       1
       0
       0
       2
       2
       2
       2
       2
       2
       0
       3
       2
       2
       0
       1
       1
       1
       2
       1
       2
       2
       1
       3
       1
       0
       3
       0
       1
       0
       3
       0
       2
       2
       1
       2
       4
       2
       4
       4
       1
       1
       2
       1
       3
       0
       1
       3
       5
       3
       4
       6
       5
      11
      10
      11
       5
      11
       6
      11
       3
       2
       4
       4
       3
       3
       2
       1
       5
       0
       3
       2
       1
       2
       1
       3
       0
       6
       2
       1
       1
       3
       5
       2
       2
       2
       2
       4
       3
       2
       4
       3
       2
       5
       3
       3
       3
       1
       1
       1
       0
       3
       1
       0
       1
       2
       0
       2
       0
       1
       3
       1
       1
       3
       1
       2
       0
       5
       1
       0
       1
       1
       1
       3
       2
       2
       1
       2
       1
       0
       1
       1
       1
       1
       1
       0
       3
       2
       1
       5
       2
       0
       1
       1
       1
       0
       3
       1
       0
       2
       2
       0
       1
       1
       0
       3
       1
       0
       4
       1
       2
       3
       2
       1
       2
       0
       2
       1
       1
       1
       1
       1
       1
       2
       2
       0
       2
       1
       1
       0
       2
       2
       1
       1
       4
       1
       2
       1
       3
       2
       1
       1
       2
       1
       5
       1
       0
       3
       2
       0
       1
       1
       1
       3
       3
       3
       2
       1
       2
       2
       1
       3
       1
       1
       0
       3
       1
       3
       3
       1
       1
       3
       1
       2
       1
       4
       0
       2
       3
       0
       2
       3
       1
       1
       2
       0
       3
       2
       2
       2
       0
       0
       0
       0
       1
       5
       1
       1
       1
       2
       2
       1
       0
       1
       0
       3
       0
       0
       0
       2
       2
       3
       2
       3
       2
       3
       1
       2
       2
       3
       1
       1
       1
       2
       1
       3
       1
       1
       0
       3
       4
       1
       3
       2
       3
       5
      10
       7
       7
       7
      10
      10
       7
      11
       9
       4
       6
       1
       4
       2
       2
       1
       0
       4
       1
       3
       1
       2
       3
       2
       1
       5
       0
       3
       4
       3
       1
       0
       3
       1
       1
       1
       2
       0
       1
       2
       5
       0
       1
       2
       0
       2
       2
       0
       2
       2
       3
       0
       2
       2
       1
       2
       2
       2
       2
       3
       3
       5
       1
       3
       1
       3
       0
       3
       4
       2
       3
       6
       0
       2
       1
       1
       1
       1
       2
       1
       3
       1
       2
       2
       0
       2
       1
       0
       3
       1
       1
       2
       2
       3
       1
       4
       3
       3
       0
       0
       2
       2
       0
       3
       0
       2
       1
       1
       4
       0
       1
       3
       0
       0
       0
       2
       4
       4
       1
       1
       0
       2
       4
       3
       2
       2
       1
       0
       1
       2
       4
       0
       0
       2
       3
       1
       2
       2
       4
       1
       3
       2
       4
       2
       0
       2
       3
       1
       2
       2
       1
       4
       1
       3
       1
       1
       2
       3
       1
       3
       2
       2
       0
       1
       7
       1
       0
       2
       1
       1
       2
       5
       3
       3
       2
       2
       1
       1
       3
       1
       1
       0
       2
       2
       3
       4
       4
       2
       2
       3
       3
       2
       3
       2
       1
       2
       2
       5
       2
       5
       2
       4
       0
       2
       4
       0
       1
       4
       2
       4
       0
       5
       3
       1
       0
       2
       1
       1
       1
       6
       4
       1
       1
       2
       2
       3
       3
       1
       1
       2
       2
       2
       1
       4
       2
       3
       1
       2
       2
       0
       1
       4
       4
       2
       3
       1
       1
       3
       4
       1
       4
       2
       4
       3
       3
       1
       3
       4
       2
       1
       4
       3
       2
       2
       0
       1
       3
       4
       3
       3
       3
       3
       1
       2
       3
       2
       2
       7
       2
       2
       2
       1
       3
       2
       3
       1
       1
       1
       2
       3
       1
       0
       1
       0
       7
       4
       2
       0
       0
       1
       1
       7
       3
       2
       3
       1
       1
       3
       4
       5
       3
       1
       2
       2
       5
       1
       1
       4
       3
       2
       5
       0
       2
       3
       3
       2
       2
       1
       1
       2
       4
       5
       1
       3
       4
       2
       2
       6
       4
       1
       4
       3
       4
       3
       1
       2
       2
       2
       2
       2
       2
       0
       2
       2
       2
       4
       3
       1
       2
       1
       3
       0
       1
       3
       1
       3
       3
       1
       2
       6
       4
       7
       2
       2
       2
       1
       7
       3
       1
       2
       2
       1
       3
       2
       3
       2
       3
       2
       3
       2
       0
       2
       3
       1
       2
       3
       0
       3
       2
       2
       2
       2
       1
       3
       0
       2
       4
       1
       1
       0
       3
       1
       1
       1
       2
       2
       1
       3
       0
       1
       2
       3
       2
       5
       1
       2
       2
       1
       3
       2
       1
       1
       1
       0
       4
       3
       0
       2
       4
       1
       0
       0
       1
       0
       0
       1
       2
       3
       1
       0
       1
       3
       4
       3
       0
       2
       2
       2
       3
       2
       1
       1
       3
       1
       0
       2
       1
       0
       1
       0
       1
       0
       1
       1
       1
       3
       0
       1
       2
       0
       2
       0
       3
       4
       2
       0
       1
       0
       3
       4
       0
       2
       1
       3
       1
       1
       1
       3
       3
       3
       2
       3
       0
       1
       0
       2
       2
       2
       4
       1
       0
       2
       3
       3
       1
       1
       0
       0
       1
       3
       1
       1
       2
       1
       0
       2
       3
       0
       3
       2
       1
       4
       1
       5
       3
       1
       2
       1
       3
       2
       1
       0
       2
       0
       1
       0
       0
       0
       0
       2
       0
       1
       0
       2
       0
       1
       0
       0
       1
       0
       1
       2
       0
       2
       0
       1
       1
       1
       1
       1
       1
       3
       2
       5
       2
       1
       3
       4
       3
       1
       1
       0
       1
       1
       1
       0
       1
       1
       1
       2
       1
       0
       1
       0
       1
       0
       2
       1
       0
       2
       2
       1
       0
       1
       2
       1
       4
       2
       0
       2
       0
       0
       1
       3
       1
       0
       2
       1
       3
       0
       0
       2
       0
       0
       0
       2
       0
       0
       0
       3
       1
       4
       0
       1
       0
       0
       0
       0
       0
       0
       3
       2
       0
       0
       1
       2
       2
       1
       0
       1
       0
       0
       0
       1
       3
       1
       0
       1
       1
       1
       0
       0
       1
       0
       1
       2
       0
       4
       1
       1
       2
       2
       1
       3
       3
       0
       1
       0
       0
       1
       1
       1
       0
       2
       2
       3
       0
       1
       0
       1
       0
       0
       1
       0
       0
       0
       0
       0
       2
       0
       2
       0
       0
       0
       0
       0
       1
       0
       1
       1
       1
       0
       1
       2
       0
       0
       1
       0
       1
       0
       1
       0
       0
       0
       1
       0
       0
       0
       1
       0
       1
       0
       1
       1
       0
       0
       0
       1
       1
       0
       0
       0
       1
       0
       0
       0
       0
       1
       0
       0
       1
       0
       0
       0
       1
       2
       1
       0
       0
       0
       1
       1
       0
       0
       0
       2
       0
       1
       0
       0
       0
       0
       1
       0
       1
       0
       0
       0
       1
       0
       0
       0
       0
       0
       0
       1
       1
       0
       0
       0
       0
       0
       1
       0
       0
       2
       0
       1
       0
       0
       2
       0
       0
       0
       1
       0
       0
       0
       2
       0
       0
       1
       1
       1
       1
       1
       1
       0
       1
       0
       0
       0
       0
       0
       0
       0
       1
       0
       0
       0
       0
       0
       0
       0
       2
       1
       0
       0
       0
       1
       0
       0
       0
       0
       1
       0
       1
       1
       0
       0
       1
       0
       0
       0
       0
       0
       0
       0
       0
       1
       0
       0
       1
       1
       0
       0
       0
       0
       0
       0
       0
       0
       0
       0
       1
       0
       0
       0
       0
       0
       1
       1
       0
       0
       1
       0
       0
       0
       0
       0
       0
       0
       0
       2
       1
       0
       2
       1
       0
       0
       0
       0
       0
       1
       1
       0
       0
       0
       0
       0
       1
       1
       1
       0
       1
       1
       0
       0
       0
       1
       0
       0
       0
       0
       1
       0
       0
       0
       0
       0
       0
       2
       0
       1
       0
       1
       1
       0
       1
       1
       0
       0
       0
       0
       0
       0
       2
       0
       0
       1
       0
       2
       2
       3
       7
       9
       9
      18
      23
      39
      54
      46
      54
      49
      40
      41
      31
      21
       8
       5
       2
       2
       0
       0
       0
       1
       0
       0
       0
       0
       0
       0
       0
       0
       0
       0
       0
       1
       0
       0
       0
       0
       0
       0
       0
       0
       0
       0
       0
       0
       1
       0
       0
       0
       0
       0
       0
       0
       0
       0
       0
       0
       0
       1
       0
       1
       0
       1
       0
       0
       0
       0
       0
       0
       0
       0
       0
       1
       0
       0
       0
       0
       0
       0
       0
       0
       0
       0
       0
       0
       0
       0
       0
       0
       0
       0
       0
       0
       0
       0
       0
       0
       0
       0
       1
       0
       1
       0
       0
       0
       0
       0
       0
       0
       0
       0
       0
       0
       0
       0
       0
       0
       0
       0
       0
       0
       0
       0
       0
       0
       0
       0
       0
       0
       0
       0
       0
       0
       0
       0
       0
       0
       0
       0
       0
       0
       0
       0
       0
       0
       0
       0
       0
       0
       0
       0
       0
       0
       0
       0
       0
       0
       0
       0
       0
       0
       1
       0
       0
       0
       0
       0
       0
       0
       0
       0
       0
       0
       0
       0
       0
       0
       0
       0
       0
       0
       0
       0
       0
       0
       1
       0
       0
       0
       0
       0
       0
       0
       0
       0
       0
       0
       0
       0
       0
       0
       0
       0
       0
       0
       0
       0
       0
       0
       0
       0
       0
       0
       0
       2
       0
       0
       0
       0
       0
       0
       0
       0
       0
       0
       0
       1
       0
       0
       0
       0
       0
       0
       0
       0
       0
       0
       0
       0
       0
       0
       0
       0
       0
       0
       0
       1
       0
       0
       0
       0
       2
       0
       0
       0
       0
       0
       0
       0
       1
       0
       0
       0
       0
       0
       0
       0
       0
       0
       0
       0
       0
       0
       0
       0
       0
       0
       0
       0
       0
       0
       0
       0
       0
       0
       0
       0
       0
       0
       1
       0
       0
       1
       0
       0
       0
       0
       1
       0
       0
       0
       0
       0
       0
       0
       0
       0
       0
       0
       0
       0
       0
       0
       0
       0
       0
       0
       0
       0
       0
       0
       0
       0
       0
       0
       0
       0
       0
       0
       0
       0
       0
       0
       0
       0
       0
       0
       0
       0
       0
       0
       0
       0
       0
       0
       0
       0
       0
       0
       0
       0
       0
       0
       0
       0
       0
       0
       0
       0
       0
       0
       1
       0
       0
       0
       0
       0
       0
       0
       0
       0
       0
       0
       1
       0
       0
       1
       0
       0
       0
       0
       0
       1
       0
       0
       0
       0
       0
       0
       0
       0
       0
       0
       1
       1
       0
       0
       0
       0
       0
       0
       0
       0
       0
       0
       0
       0
       0
       0
       0
       0
       0
       0
       0
       0
       0
       0
       0
       1
       0
       0
       1
       0
       0
       0
       0
       0
       0
       2
       0
       0
       0
       0
       0
       0
       0
       0
       0
       0
       0
       0
       0
       0
       0
       0
       0
       0
       0
       0
       0
       0
       0
       0
       0
       0
       0
       0
       0
       0
       0
       0
       0
       1
       0
       0
       0
       0
       0
       0
       0
       0
       0
       0
       0
       1
       0
       0
       0
       0
       0
       0
       0
       0
       0
       0
       0
       0
       0
       0
       0
       0
       0
       0
       0
       0
       0
       0
       0
       0
       0
       0
       0
       0
       0
       0
       0
       0
       0
       1
       0
       0
       0
       1
       0
       1
       0
       0
       1
       0
       0
       1
       0
       0
       0
       0
       0
       0
       0
       0
       0
       0
       0
       0
       0
       0
       1
       0
       0
       0
       0
       0
       0
       0
       0
       0
       0
       0
       1
       0
       1
       0
       0
       0
       0
       0
       0
       0
       0
       0
       0
       0
       1
       0
       0
       0
       1
       0
       0
       0
       0
       0
       0
       0
       0
       0
       0
       0
       0
       0
       0
       0
       0
       0
       0
       0
       0
       0
       0
       0
       0
       0
       0
       0
       0
       0
       0
       0
       0
       0
       0
       0
       0
       0
       0
       0
       0
       0
       1
       1
       0
       1
       0
       0
       1
       0
       0
       0
       0
       0
       0
       0
       0
       0
       0
       0
       0
       0
       0
       1
       0
       0
       0
       0
       0
       0
       0
       0
       0
       0
       0
       0
       1
       0
       0
       0
       0
       1
       0
       0
       0
       0
       0
       0
       0
       0
       0
       0
       0
       0
       0
       0
       0
       0
       0
       0
       0
       0
       0
       0
       0
       0
       0
       0
       0
       0
       0
       1
       0
       0
       0
       0
       0
       0
       0
       0
       0
       0
       1
       0
       0
       0
       0
       0
       0
       0
       1
       0
       0
       0
       1
       0
       0
       0
       0
       0
       0
       0
       0
       0
       0
       0
       0
       0
       0
       0
       0
       0
       0
       0
       0
       0
       0
       0
       0
       0
       0
       0
       0
       0
       0
       0
       0
       0
       0
       0
       0
       1
       0
       0
       0
       0
       0
       1
       0
       0
       0
       0
       0
       1
       0
       0
       0
       0
       0
       0
       0
       1
       1
       0
       0
       0
       0
       0
       0
       0
       0
       0
       0
       0
       0
       0
       0
       0
       0
       0
       0
       0
       0
       0
       0
       0
       1
       0
       1
       0
       0
       1
       0
       0
       0
       0
       0
       0
       0
       0
       0
       0
       0
       0
       0
       0
       0
       0
       0
       0
       0
       0
       0
       0
       0
       0
       0
       0
       0
       0
       0
       0
       0
       0
       0
       0
       0
       0
       0
       0
       0
       0
       0
       0
       0
       0
       0
       0
       0
       0
       0
       0
       0
       1
       0
       0
       0
       0
       0
       0
       0
       0
       0
       0
       0
       0
       0
       0
       0
       0
       0
       1
       0
       0
       0
       0
       0
       0
       0
       0
       0
       0
       0
       0
       0
       0
       0
       0
       0
       0
       0
       0
       0
       0
       0
       0
       0
       0
       0
       0
       0
       0
       0
       0
       0
       0
       0
       0
       0
       0
       0
       0
       0
       0
       0
       0
       0
       0
       0
       0
       0
       0
       0
       0
       0
       0
       1
       0
       0
       0
       0
       0
       0
       0
       0
       1
       0
       0
       0
       0
       0
       0
       0
       0
       0
       1
       0
       0
       0
       0
       0
       0
       0
       0
       0
       0
       0
       0
       0
       0
       0
       0
       0
       0
       0
       0
       1
       0
       0
       0
       0
       1
       0
       0
       0
       0
       0
       0
       0
       0
       0
       0
       0
       0
       0
       1
       0
       0
       0
       0
       1
       0
       0
       0
       0
       0
       0
       0
       0
       0
       0
       0
       0
       0
       0
       0
       0
       0
       0
       0
       0
       0
       0
       0
       0
       0
       0
       0
       0
       0
       0
       0
       0
       0
       0
       1
       0
       0
       0
       0
       0
       0
       0
       0
       0
       0
       0
       0
       0
       0
       0
       0
       0
       0
       0
       0
       0
       0
       0
       0
       0
       0
       0
       0
       0
       0
       0
       0
       0
       0
       0
       1
       0
       0
       0
       0
       0
       1
       0
       0
       0
       0
       0
       0
       0
       0
       0
       0
       0
       0
       0
       0
       0
       0
       0
       0
       0
       0
       0
       1
       0
       0
       0
       0
       0
       0
       0
       0
       0
       1
       0
       0
       0
       0
       0
       0
       0
       0
       0
       0
       1
       0
       0
       0
       0
       0
       0
       0
       0
       0
       0
       0
       0
       0
       0
       0
       0
       0
       0
       0
       0
       0
       0
       0
       0
       0
       0
       0
       0
       0
       0
       0
       0
       0
       0
       0
       1
       0
       0
       1
       0
       0
       0
       0
       0
       0
       0
       0
       0
       0
       0
       0
       0
       0
       0
       0
       0
       0
       0
       0
       0
       0
       0
       0
       0
       0
       1
       0
       0
       0
       0
       0
       0
       0
       0
       0
       0
       0
       0
       0
       0
       0
       0
       0
       0
       0
       1
       0
       0
       0
       0
       0
       0
       0
       0
       0
       0
       0
       0
       0
       0
       0
       0
       0
       0
       0
       0
       0
       0
       0
       1
       0
       0
       0
       0
       0
       0
       0
       0
       0
       0
       0
       0
       0
       0
       0
       0
       1
       0
       0
       0
       0
       0
       0
       0
       0
       0
       0
       0
       0
       0
       0
       0
       0
       0
       1
       0
       0
       0
       0
       0
       0
       0
       0
       0
       0
       0
       0
       0
       0
       0
       0
       0
       0
       0
       0
       0
       0
       1
       1
       0
       0
       0
       0
       0
       0
       0
       0
       0
       0
       0
       0
       0
       0
       0
       1
       0
       0
       0
       0
       0
       0
       0
       0
       0
       0
       0
       0
       0
       0
       0
       1
       0
       0
       0
       0
       0
       0
       0
       0
       0
       0
       0
       0
       0
       1
       0
       0
       0
       0
       0
       0
       0
       0
       0
       0
       0
       0
       0
       0
       0
       0
       0
       0
       0
       0
       0
       0
       0
       0
       0
       0
       0
       0
       0
       0
       0
       0
       0
       0
       0
       0
       0
       0
       0
       0
       0
       0
       0
       0
       0
       0
       0
       0
       0
       0
       0
       0
       0
       0
       0
       0
       1
       0
       0
       0
       0
       0
       0
       0
       0
       0
       0
       0
       0
       1
       0
       0
       0
       0
       0
       0
       0
       0
       0
       0
       1
       0
       0
       0
       0
       0
       0
       1
       0
       0
       0
       0
       0
       0
       1
       0
       0
       0
       0
       0
       1
       0
       0
       0
       0
       0
       0
       0
       0
       0
       0
       0
       0
       0
       0
       0
       0
       0
       0
       0
       0
       0
       2
       0
       0
       1
       0
       0
       0
       0
       0
       0
       0
       0
       0
       0
       0
       0
       0
       0
       0
       0
       0
       0
       0
       0
       0
       0
       0
       0
       0
       0
       0
       0
       0
       0
       0
       0
       0
       0
       0
       0
       0
       0
       0
       0
       0
       0
       0
       0
       0
       0
       0
       0
       0
       0
       0
       0
       0
       0
       0
       1
       0
       0
       0
       0
       0
       0
       0
       0
       0
       1
       0
       0
       0
       0
       0
       0
       0
       0
       0
       1
       0
       0
       0
       0
       0
       0
       0
       0
       0
       0
       0
       0
       0
       0
       0
       0
       0
       0
       0
       0
       0
       0
       0
       0
       1
       0
       0
       0
       0
       0
       0
       0
       0
       1
       0
       0
       0
       0
       0
       0
       0
       0
       0
       0
       0
       0
       0
       0
       0
       0
       0
       0
       0
       0
       0
       0
       0
       0
       0
       0
       0
       0
       0
       0
       0
       0
       0
       1
       0
       0
       0
       0
       0
       0
       0
       0
       0
       0
       0
       0
       0
       0
       0
       1
       0
       0
       0
       0
       0
       0
       0
       0
       0
       0
       0
       0
       0
       0
       0
       0
       0
       0
       0
       0
       0
       0
       0
       0
       0
       0
       0
       0
       0
       0
       0
       0
       0
       0
       0
       0
       0
       0
       0
       0
       0
       0
       0
       0
       0
       0
       0
       0
       0
       0
       0
       0
       0
       0
       0
       0
       0
       0
       0
       0
       0
       0
       0
       0
       0
       0
       0
       0
       0
       1
       0
       0
       0
       0
       0
       0
       0
       0
       0
       0
       0
       0
       0
       1
       0
       0
       0
       0
       0
       0
       0
       0
       0
       0
       0
       0
       1
       0
       0
       0
       0
       0
       0
       1
       0
       1
       0
       0
       0
       0
       0
       0
       0
       0
       0
       0
       0
       0
       0
       0
       0
       0
       0
       0
       0
       0
       0
       0
       0
       0
       0
       0
       0
       0
       0
       0
       0
       0
       0
       1
       0
       0
       0
       0
       0
       0
       0
       0
       0
       0
       0
       0
       0
       0
       0
       0
       0
       0
       0
       0
       0
       0
       0
       0
       1
       0
       0
       0
       0
       0
       0
       0
       0
       1
       0
       0
       0
       0
       0
       0
       0
       0
       0
       0
       0
       0
       0
       0
       0
       0
       0
       0
       1
       0
       0
       0
       0
       0
       0
       0
       1
       0
       0
       0
       0
       0
       0
       0
       0
       1
       0
       0
       0
       0
       0
       0
       0
       0
       0
       0
       0
       0
       0
       0
       0
       0
       0
       0
       0
       0
       0
       0
       0
       0
       0
       0
       0
       0
       0
       0
       0
       0
       0
       0
       0
       0
       0
       0
       0
       0
       0
       0
       0
       0
       0
       0
       0
       0
       0
       1
       0
       0
       0
       0
       0
       0
       0
       0
       0
       0
       0
       0
       0
       0
       0
       0
       0
       0
       1
       0
       0
       0
       0
       1
       0
       0
       0
       0
       0
       0
       0
       0
       0
       0
       0
       0
       0
       0
       0
       0
       0
       0
       0
       0
       0
       0
       0
       0
       0
       0
       1
       0
       0
       0
       0
       0
       0
       0
       0
       0
       0
       0
       0
       0
       0
       0
       0
       0
       0
       0
       1
       0
       0
       0
       0
       0
       0
       0
       0
       0
       0
       1
       0
       0
       0
       0
       0
       0
       0
       1
       0
       0
       0
       0
       0
       0
       0
       0
       0
       0
       0
       0
       0
       0
       0
       0
       0
       0
       0
       0
       0
       0
       0
       0
       0
       0
       0
       0
       0
       0
       0
       0
       0
       0
       0
       0
       0
       0
       0
       0
       0
       0
       0
       0
       0
       0
       0
       0
       0
       0
       0
       0
       0
       0
       0
       0
       0
       0
       0
       0
       0
       0
       0
       0
       0
       0
       0
       0
       0
       0
       0
       0
       0
       0
       0
       0
       0
       0
       0
       0
       0
       0
       0
       0
       0
       0
       0
       0
       0
       0
       0
       0
       0
       0
       0
       0
       0
       0
       0
       0
       0
       0
       0
       0
       0
       0
       0
       0
       0
       0
       0
       0
       0
       0
       0
       0
       0
       0
       0
       0
       0
       0
       0
       0
       0
       0
       0
       0
       0
       0
       0
       0
       0
       0
       0
       0
       0
       0
       0
       0
       0
       0
       0
       0
       0
       0
       0
       0
       0
       0
       0
       0
       0
       0
$ROI:
0
$PRESETS:
Live Time
3600
0
$ENER_FIT:
8.931054 0.240803
$MCA_CAL:
3
8.931054E+000 2.408025E-001 6.157388E-008 keV
$SHAPE_CAL:
3
9.658150E+000 -1.618950E-003 2.758845E-007
