$SPEC_ID:
No sample description was entered.
$SPEC_REM:
DET# 1
DETDESC# EPS-140909 Easy-MCA-8k SN 16175454
AP# Maestro Version 7.01
$DATE_MEA:
03/02/2022 11:21:30
$MEAS_TIM:
900 937
$DATA:
0 8191
       0
       0
       0
       0
       0
       0
       0
       0
       0
       0
       0
       0
       0
       0
       0
       0
       0
       0
       0
       0
       0
       0
       0
       0
       0
       0
       0
       1
       0
       0
       0
       0
       0
       0
       0
       0
       1
       0
       4
       6
      31
     272
    3630
    4515
    2969
    2569
    2458
    2419
    2519
    2628
    2731
    2705
    2856
    3058
    3302
    3464
    3619
    3785
    3857
    3996
    3925
    4182
    4231
    4265
    4481
    4820
    5521
    6354
    7340
    8271
    9022
    9029
    9220
    9284
    9837
   10719
   11915
   13640
   16464
   19729
   24231
   28893
   32986
   35656
   36575
   35760
   35289
   35329
   41255
   55723
   84282
  122064
  160097
  179893
  169747
  134658
   89957
   51813
   27930
   16191
   11930
   11575
   14018
   19638
   28210
   37077
   41941
   40892
   34337
   25442
   16815
   10695
    6455
    4116
    3058
    2445
    2326
    2060
    2046
    1955
    1857
    1872
    1855
    1850
    1886
    1835
    1820
    1891
    1872
    2004
    1873
    1938
    1949
    1957
    1965
    1924
    1909
    2024
    1924
    2078
    2014
    2045
    2042
    2108
    2200
    2164
    2150
    2188
    2229
    2209
    2255
    2330
    2292
    2544
    2339
    2464
    2526
    2541
    2568
    2556
    2601
    2600
    2648
    2682
    2683
    2739
    2739
    2776
    2814
    2809
    2863
    2875
    2924
    2973
    3064
    3054
    3081
    3118
    3074
    3182
    3105
    3083
    3153
    3187
    3366
    3462
    3490
    3601
    3565
    3538
    3658
    3733
    3881
    4260
    4396
    4585
    4983
    5056
    5286
    5204
    5414
    5158
    5302
    5442
    5289
    5235
    5221
    5143
    5077
    5168
    5069
    5087
    5064
    4861
    4937
    4877
    4822
    4737
    4626
    4503
    4520
    4348
    4377
    4273
    4205
    4134
    4058
    3896
    3945
    3865
    3923
    3819
    3659
    3667
    3609
    3524
    3542
    3504
    3374
    3311
    3240
    3281
    3258
    3139
    3129
    3213
    3207
    3099
    3063
    2974
    3113
    3064
    2938
    2993
    3012
    2867
    2835
    2986
    2971
    2842
    2913
    2979
    2963
    2922
    2770
    2734
    2899
    2712
    2822
    2736
    2853
    2710
    2749
    2855
    2850
    2924
    2894
    3108
    3809
    5751
   10259
   20407
   36715
   56988
   73155
   77342
   66651
   47381
   27801
   13779
    6497
    3311
    2388
    2123
    2009
    1996
    1977
    1984
    2019
    2020
    2088
    1946
    2023
    2086
    2020
    1955
    1972
    2033
    1935
    1972
    1908
    2042
    1968
    1868
    1978
    1983
    2005
    1890
    1912
    1980
    1987
    1933
    1906
    2001
    1937
    1958
    1972
    1917
    1942
    1958
    1954
    1974
    1960
    1911
    1959
    1943
    1886
    1937
    1924
    1976
    2012
    2116
    2131
    2183
    2154
    2281
    2271
    2214
    2289
    2237
    2174
    2200
    2256
    2168
    2239
    2282
    2240
    2308
    2274
    2260
    2348
    2251
    2280
    2179
    2215
    2317
    2400
    2287
    2289
    2236
    2377
    2311
    2302
    2374
    2432
    2567
    2822
    2820
    3011
    2920
    2703
    2508
    2239
    2220
    2173
    2155
    2151
    2030
    2213
    2225
    2281
    2259
    2255
    2249
    2143
    2088
    2100
    2098
    2040
    2016
    1999
    2004
    2018
    2012
    2046
    2087
    1968
    1970
    2076
    2063
    2006
    2022
    2010
    1953
    1963
    2001
    1930
    1957
    2021
    1980
    1915
    1861
    1963
    1870
    1990
    1946
    1907
    1966
    1951
    1935
    1900
    1874
    1900
    1876
    1898
    1965
    1946
    1889
    1854
    1928
    1824
    1824
    1862
    1826
    1824
    1855
    1977
    1890
    1901
    1894
    1865
    1755
    1879
    1862
    1846
    1777
    1843
    1850
    1823
    1764
    1754
    1688
    1743
    1698
    1637
    1586
    1652
    1600
    1636
    1553
    1542
    1551
    1595
    1516
    1560
    1548
    1488
    1505
    1523
    1494
    1519
    1485
    1484
    1476
    1477
    1554
    1510
    1459
    1430
    1445
    1526
    1420
    1437
    1465
    1497
    1465
    1474
    1378
    1433
    1395
    1446
    1416
    1434
    1396
    1353
    1428
    1386
    1361
    1376
    1350
    1308
    1378
    1362
    1375
    1336
    1382
    1326
    1352
    1342
    1330
    1360
    1359
    1275
    1275
    1331
    1330
    1311
    1280
    1271
    1241
    1225
    1245
    1237
    1284
    1277
    1243
    1265
    1323
    1360
    1291
    1263
    1255
    1257
    1184
    1247
    1250
    1175
    1235
    1253
    1175
    1235
    1215
    1167
    1198
    1182
    1279
    1197
    1251
    1209
    1227
    1207
    1224
    1241
    1275
    1321
    1380
    1706
    2465
    3951
    6308
    9380
   11551
   12299
   10587
    7723
    4934
    2901
    1817
    1314
    1136
    1081
    1122
    1051
    1037
    1061
    1124
    1076
    1154
    1071
    1116
    1064
    1026
    1048
     953
    1017
     982
     984
     986
     912
     912
     979
     976
     987
     945
     990
     956
     971
     994
     907
     948
     940
     947
     985
     911
     899
     934
     925
     878
     925
     959
     911
     938
     858
     946
     856
     902
     876
     923
     886
     909
     958
     965
    1035
    1004
     984
     976
     959
     928
     926
     947
     925
     899
     948
     913
     901
     915
     920
     908
     905
     849
     900
     863
     878
     897
     861
     859
     821
     861
     889
     890
     876
     889
     930
     974
     910
     996
     949
     970
     867
     795
     788
     772
     783
     749
     725
     777
     749
     856
     839
     850
     753
     778
     811
     754
     715
     788
     784
     905
     948
    1100
    1213
    1271
    1199
    1106
    1001
     886
     800
     779
     723
     711
     740
     709
     736
     708
     750
     652
     714
     718
     716
     637
     735
     695
     696
     714
     721
     661
     685
     648
     716
     702
     703
     655
     654
     679
     763
     675
     720
     717
     690
     707
     695
     689
     745
     659
     712
     748
     735
     758
     737
     722
     727
     712
     672
     702
     677
     700
     641
     650
     682
     644
     697
     667
     662
     683
     671
     730
     738
     785
     762
     761
     826
     686
     678
     691
     724
     713
     715
     744
     807
     830
     801
     824
     800
     743
     656
     691
     686
     692
     705
     691
     699
     718
     691
     703
     699
     680
     738
     698
     769
     709
     721
     766
     762
     756
     778
     773
     885
    1145
    1690
    3198
    6277
   11591
   18787
   25436
   28245
   26777
   20594
   13548
    7341
    3488
    1585
     865
     598
     572
     580
     544
     522
     572
     560
     593
     572
     574
     612
     587
     545
     619
     610
     573
     498
     548
     582
     552
     535
     547
     531
     584
     527
     565
     522
     557
     559
     494
     522
     545
     522
     544
     535
     545
     494
     523
     511
     565
     539
     611
     685
     801
     926
    1165
    1356
    1309
    1241
    1104
     876
     673
     563
     518
     535
     531
     491
     498
     476
     492
     542
     488
     462
     482
     517
     518
     500
     529
     527
     482
     493
     507
     493
     494
     544
     503
     478
     498
     514
     497
     514
     495
     496
     467
     507
     549
     510
     511
     538
     551
     526
     524
     492
     533
     511
     483
     489
     480
     495
     440
     490
     475
     472
     486
     515
     490
     479
     458
     502
     500
     507
     486
     478
     487
     497
     456
     486
     441
     469
     463
     473
     493
     484
     505
     502
     515
     481
     453
     510
     446
     456
     478
     485
     473
     468
     450
     469
     474
     497
     503
     462
     497
     542
     648
     862
    1212
    1669
    2112
    2317
    2245
    1838
    1282
     946
     629
     533
     496
     524
     499
     538
     501
     580
     563
     498
     515
     480
     476
     476
     467
     425
     434
     461
     472
     455
     466
     445
     491
     448
     445
     442
     465
     487
     438
     505
     471
     420
     445
     430
     442
     433
     450
     448
     400
     467
     432
     449
     446
     453
     473
     466
     462
     423
     405
     443
     414
     449
     461
     457
     458
     454
     440
     488
     461
     440
     478
     459
     446
     472
     455
     496
     592
     747
    1095
    1699
    2257
    2780
    2795
    2550
    1970
    1428
     892
     652
     484
     479
     462
     430
     421
     468
     410
     428
     442
     437
     470
     477
     417
     429
     505
     476
     449
     437
     474
     455
     403
     477
     465
     429
     395
     421
     431
     424
     464
     500
     467
     448
     405
     424
     428
     420
     443
     445
     459
     472
     469
     483
     442
     452
     462
     443
     438
     474
     431
     462
     444
     396
     449
     430
     446
     448
     457
     410
     466
     440
     513
     432
     433
     484
     436
     442
     418
     444
     461
     475
     451
     476
     454
     456
     465
     477
     456
     431
     468
     439
     463
     518
     438
     463
     467
     490
     490
     510
     493
     493
     491
     476
     458
     480
     518
     597
     642
     721
     757
     718
     719
     571
     502
     490
     473
     443
     435
     478
     427
     475
     451
     483
     499
     429
     419
     427
     456
     462
     461
     470
     418
     442
     425
     427
     444
     450
     461
     504
     453
     453
     540
     505
     500
     535
     540
     506
     492
     442
     468
     524
     441
     458
     474
     437
     444
     467
     447
     488
     500
     452
     499
     475
     483
     429
     430
     456
     452
     429
     465
     486
     456
     419
     472
     443
     426
     440
     477
     428
     474
     445
     448
     456
     494
     505
     486
     535
     432
     478
     461
     464
     476
     442
     464
     448
     473
     497
     431
     463
     472
     452
     495
     462
     458
     450
     459
     494
     470
     486
     446
     455
     472
     440
     479
     492
     519
     486
     492
     458
     497
     434
     508
     488
     438
     453
     466
     471
     468
     439
     475
     439
     431
     473
     458
     490
     464
     493
     475
     465
     472
     455
     463
     455
     416
     469
     467
     469
     489
     509
     497
     489
     467
     497
     479
     468
     486
     479
     473
     453
     483
     478
     492
     472
     454
     479
     452
     487
     508
     480
     518
     506
     455
     490
     479
     476
     474
     512
     478
     504
     467
     505
     581
     659
     687
     733
     772
     784
     718
     658
     623
     613
     578
     562
     509
     550
     472
     464
     474
     503
     504
     536
     477
     537
     532
     477
     502
     474
     459
     501
     482
     483
     522
     471
     509
     425
     500
     514
     469
     520
     498
     486
     493
     508
     493
     480
     487
     464
     536
     520
     555
     485
     498
     539
     542
     638
     678
     666
     686
     708
     641
     562
     501
     473
     461
     501
     451
     473
     449
     434
     450
     458
     442
     392
     451
     450
     411
     401
     433
     434
     403
     473
     406
     408
     428
     369
     429
     438
     445
     408
     410
     425
     394
     405
     427
     428
     400
     374
     416
     389
     422
     443
     417
     433
     422
     448
     415
     443
     457
     414
     476
     436
     439
     440
     454
     411
     401
     419
     407
     387
     428
     402
     369
     404
     427
     415
     397
     462
     388
     416
     388
     372
     392
     427
     431
     416
     395
     450
     392
     410
     463
     420
     404
     421
     389
     410
     404
     421
     402
     424
     391
     372
     397
     400
     424
     391
     413
     402
     399
     397
     400
     420
     390
     401
     415
     388
     432
     409
     399
     399
     405
     421
     381
     406
     405
     398
     393
     400
     406
     407
     403
     400
     376
     398
     445
     388
     376
     417
     389
     411
     397
     401
     396
     395
     396
     424
     429
     416
     402
     364
     437
     413
     437
     428
     426
     389
     390
     411
     394
     402
     397
     399
     395
     400
     406
     367
     383
     393
     469
     434
     478
     450
     506
     447
     443
     434
     398
     389
     423
     408
     423
     417
     399
     389
     360
     418
     415
     401
     379
     414
     416
     405
     385
     432
     407
     398
     379
     374
     414
     403
     366
     383
     374
     454
     392
     409
     391
     400
     356
     405
     401
     461
     476
     457
     470
     442
     422
     425
     404
     432
     497
     521
     545
     637
     580
     609
     510
     430
     406
     395
     355
     370
     384
     363
     377
     357
     356
     369
     431
     363
     389
     426
     430
     511
     589
     671
     755
     770
     757
     646
     537
     489
     441
     400
     417
     387
     387
     368
     353
     389
     347
     395
     373
     388
     415
     413
     384
     365
     373
     405
     383
     368
     380
     397
     407
     355
     398
     385
     414
     413
     354
     383
     383
     417
     367
     363
     362
     357
     387
     402
     400
     380
     388
     370
     384
     427
     397
     366
     395
     438
     435
     422
     425
     457
     450
     413
     413
     391
     397
     378
     365
     411
     424
     408
     438
     443
     520
     507
     537
     518
     524
     484
     464
     484
     418
     457
     442
     484
     456
     459
     423
     442
     382
     392
     376
     399
     431
     436
     460
     399
     437
     439
     392
     396
     362
     392
     390
     413
     420
     475
     366
     383
     425
     406
     402
     392
     428
     376
     398
     375
     392
     397
     412
     412
     391
     381
     403
     396
     409
     405
     412
     410
     433
     386
     408
     407
     443
     413
     404
     410
     435
     448
     402
     406
     422
     429
     377
     434
     399
     420
     416
     397
     378
     429
     413
     395
     403
     424
     405
     417
     480
     403
     419
     421
     414
     430
     426
     444
     350
     400
     424
     418
     375
     407
     386
     401
     422
     386
     425
     419
     375
     429
     466
     456
     494
     475
     459
     444
     411
     379
     403
     365
     404
     414
     456
     393
     372
     407
     379
     386
     359
     334
     359
     396
     386
     385
     351
     355
     413
     458
     457
     659
     994
    1735
    2614
    3984
    5004
    5742
    5588
    4646
    3424
    2159
    1273
     756
     507
     389
     355
     366
     363
     364
     341
     376
     330
     355
     358
     345
     337
     310
     357
     363
     361
     337
     336
     380
     352
     332
     355
     349
     356
     316
     343
     329
     347
     329
     379
     335
     349
     357
     357
     350
     342
     319
     369
     334
     324
     364
     374
     334
     338
     321
     377
     379
     362
     355
     328
     336
     347
     352
     351
     345
     317
     376
     340
     335
     369
     371
     387
     396
     440
     487
     490
     469
     482
     454
     380
     393
     355
     374
     350
     361
     326
     342
     337
     344
     345
     370
     356
     334
     331
     338
     314
     321
     347
     329
     360
     343
     324
     326
     301
     308
     363
     322
     375
     298
     346
     366
     329
     337
     310
     309
     311
     354
     318
     331
     371
     338
     318
     313
     316
     322
     348
     354
     351
     333
     361
     346
     309
     344
     365
     332
     365
     322
     320
     355
     316
     322
     322
     371
     333
     338
     381
     406
     387
     376
     400
     385
     388
     355
     371
     328
     326
     339
     366
     365
     343
     324
     375
     333
     328
     326
     325
     330
     317
     311
     370
     335
     357
     357
     355
     322
     352
     335
     359
     311
     334
     346
     331
     344
     337
     352
     316
     366
     355
     352
     358
     333
     345
     344
     381
     333
     356
     338
     335
     347
     352
     386
     373
     434
     501
     635
     910
    1301
    1599
    1784
    1846
    1693
    1386
     995
     698
     531
     439
     377
     340
     365
     344
     353
     367
     406
     352
     359
     365
     333
     360
     332
     335
     384
     315
     340
     334
     343
     347
     327
     314
     321
     309
     327
     306
     314
     362
     307
     301
     300
     287
     311
     321
     331
     287
     322
     279
     326
     300
     306
     269
     287
     323
     294
     314
     299
     299
     312
     287
     282
     309
     292
     308
     363
     294
     329
     298
     318
     330
     345
     373
     321
     331
     323
     307
     306
     300
     308
     307
     328
     318
     328
     321
     328
     296
     255
     276
     265
     311
     295
     277
     290
     292
     277
     286
     293
     288
     241
     258
     252
     253
     291
     259
     269
     259
     290
     277
     262
     248
     247
     254
     245
     239
     248
     250
     242
     264
     228
     254
     294
     295
     350
     373
     363
     376
     313
     290
     275
     252
     248
     235
     216
     229
     229
     263
     268
     261
     297
     300
     340
     320
     274
     275
     223
     271
     262
     225
     264
     236
     253
     248
     280
     245
     210
     241
     232
     225
     220
     230
     223
     216
     244
     204
     227
     248
     243
     212
     206
     198
     211
     219
     236
     207
     216
     222
     211
     207
     194
     218
     235
     239
     235
     252
     210
     218
     212
     253
     214
     251
     209
     190
     225
     217
     211
     214
     210
     198
     247
     225
     223
     262
     213
     202
     227
     205
     224
     226
     228
     237
     192
     230
     208
     214
     225
     230
     265
     224
     251
     268
     277
     377
     549
     914
    1539
    2407
    3583
    4428
    4926
    4745
    3933
    2784
    1824
    1011
     593
     341
     265
     196
     217
     196
     211
     229
     190
     201
     187
     209
     175
     183
     190
     193
     201
     171
     202
     184
     186
     190
     214
     165
     155
     192
     191
     185
     163
     191
     162
     176
     202
     153
     155
     179
     141
     157
     178
     172
     191
     196
     148
     184
     151
     185
     160
     150
     173
     162
     195
     185
     150
     186
     168
     193
     162
     167
     165
     172
     150
     159
     173
     163
     147
     156
     176
     171
     179
     183
     182
     184
     169
     158
     171
     192
     176
     187
     155
     159
     167
     169
     200
     208
     213
     254
     288
     323
     409
     402
     445
     387
     346
     288
     235
     200
     181
     169
     154
     144
     162
     145
     179
     163
     165
     170
     144
     154
     154
     135
     147
     129
     134
     137
     136
     138
     140
     123
     144
     138
     156
     142
     138
     146
     146
     156
     138
     148
     120
     155
     156
     142
     149
     148
     173
     139
     143
     130
     138
     155
     149
     142
     137
     157
     168
     140
     141
     128
     143
     160
     138
     117
     165
     149
     134
     144
     146
     149
     151
     141
     158
     117
     129
     134
     140
     140
     138
     148
     151
     151
     149
     155
     146
     128
     146
     131
     144
     151
     159
     170
     165
     142
     170
     140
     152
     155
     158
     128
     165
     136
     158
     162
     131
     135
     128
     145
     158
     153
     151
     159
     147
     158
     136
     147
     164
     165
     178
     164
     163
     141
     151
     129
     161
     146
     163
     129
     148
     155
     143
     161
     167
     142
     170
     154
     150
     134
     153
     143
     176
     171
     160
     142
     158
     156
     147
     150
     162
     151
     150
     154
     169
     179
     157
     158
     142
     172
     166
     153
     139
     142
     164
     151
     175
     161
     165
     197
     180
     162
     194
     159
     150
     181
     161
     175
     169
     166
     172
     167
     184
     202
     225
     248
     388
     597
    1012
    1567
    2242
    2753
    3128
    3072
    2578
    1977
    1293
     881
     708
     655
     626
     604
     601
     606
     458
     366
     248
     232
     200
     182
     155
     147
     161
     167
     131
     166
     168
     153
     145
     144
     158
     153
     140
     149
     148
     155
     165
     151
     162
     173
     169
     147
     150
     167
     176
     163
     178
     179
     154
     170
     153
     167
     173
     199
     201
     282
     350
     443
     736
    1135
    1777
    2680
    3436
    3866
    3844
    3333
    2644
    1756
    1070
     586
     332
     244
     189
     152
     151
     180
     159
     179
     184
     171
     180
     159
     169
     185
     194
     176
     182
     184
     196
     211
     186
     198
     167
     188
     193
     210
     195
     205
     196
     164
     159
     148
     149
     169
     181
     158
     153
     153
     171
     149
     175
     178
     178
     151
     151
     149
     172
     122
     172
     132
     169
     167
     159
     140
     154
     136
     149
     155
     155
     135
     126
     136
     153
     156
     158
     168
     174
     165
     172
     167
     169
     178
     131
     187
     143
     194
     152
     203
     195
     182
     161
     169
     177
     180
     205
     239
     234
     228
     227
     192
     169
     186
     183
     170
     160
     160
     183
     166
     186
     183
     188
     176
     170
     168
     175
     177
     157
     151
     173
     175
     176
     151
     159
     155
     180
     169
     199
     157
     166
     170
     157
     159
     189
     157
     161
     186
     167
     181
     181
     178
     192
     173
     178
     191
     195
     207
     191
     161
     160
     186
     168
     163
     195
     155
     169
     160
     168
     170
     186
     180
     172
     161
     158
     173
     159
     177
     170
     172
     151
     138
     167
     168
     171
     175
     174
     160
     193
     171
     140
     187
     182
     161
     138
     150
     122
     167
     157
     145
     132
     157
     135
     122
     155
     131
     123
     134
     115
     127
     118
     113
     123
     138
     110
      94
     114
     133
     111
     120
     125
     118
     105
      92
     117
     103
     113
     105
     115
     113
     114
     104
     112
     129
     105
     109
     102
     116
     113
     115
     121
     115
     101
     118
     117
     128
     180
     264
     306
     385
     481
     451
     457
     351
     279
     182
     152
     125
     104
     100
      97
      93
      93
      98
     106
      86
      91
      93
     105
     104
      86
      81
     109
      98
      79
     101
      90
      97
      99
      92
      94
      94
      89
      92
      94
      93
      91
     107
      94
      95
      89
      86
      86
      78
      90
     102
     122
     100
      97
     123
     107
      95
     100
      96
      86
     119
      74
      82
      95
      91
      84
     100
      76
      89
      75
      75
      89
      79
      75
      72
      70
      73
      77
      78
      84
      63
      77
      84
      90
      94
      80
      79
      71
      92
     101
     125
     131
     126
     122
     105
     119
      73
      86
      96
      78
      82
      76
      68
      55
      66
      73
      67
      58
      61
      63
      78
      63
      69
      70
      59
      74
      81
      62
      77
      58
      74
      79
      59
      61
      59
      60
      68
      60
      57
      65
      59
      57
      66
      76
      70
      51
      64
      52
      61
      61
      63
      74
      60
      59
      68
      84
      79
      86
      87
     106
      99
     116
      71
      86
      68
      61
      55
      62
      52
      49
      55
      45
      50
      59
      46
      53
      54
      53
      38
      51
      52
      41
      52
      52
      52
      50
      61
      48
      42
      48
      42
      36
      54
      33
      44
      30
      56
      43
      52
      53
      50
      43
      75
      62
      47
      52
      38
      51
      51
      61
      73
     103
     123
     233
     272
     374
     414
     432
     346
     325
     205
     172
      96
      66
      47
      37
      35
      42
      33
      35
      43
      33
      27
      29
      30
      35
      37
      28
      23
      35
      29
      26
      32
      36
      21
      34
      27
      31
      27
      21
      33
      30
      24
      31
      27
      17
      27
      25
      24
      25
      27
      22
      20
      22
      22
      28
      17
      26
      25
      19
      24
      21
      27
      17
      18
      22
      24
      17
      20
      20
      14
      25
      21
      18
      29
      20
      21
      17
      21
      19
      30
      29
      23
      28
      20
      18
      28
      25
      20
      24
      17
      24
      19
      18
      19
      17
      22
      23
      14
      25
      20
      17
      17
      21
      18
      14
      23
      19
      18
      19
      23
      15
      16
      17
      23
      19
      19
      17
      16
      26
      30
      17
      18
      15
      25
      19
      22
      14
      22
      14
      16
      20
      22
      16
      13
      20
      16
      19
      21
      15
      18
      14
      18
      22
      19
      15
      20
       8
      27
      16
      16
      16
      17
      19
      16
      16
      14
      35
      23
      20
      23
      21
      21
      15
      16
      18
      12
      14
      23
      13
      21
      21
      24
      16
      14
      17
      15
      19
      19
      24
      17
      14
      18
      13
      29
      16
      16
      17
      26
      19
      15
      11
      22
      22
      20
      22
      19
      13
       9
      17
      15
      15
      19
      23
      14
      20
      28
      19
      21
      17
      16
      18
      24
      26
      29
      27
      27
      28
      32
      25
      23
      24
      24
      16
      20
      26
      21
      30
      39
      22
      29
      37
      29
      34
      37
      33
      36
      37
      32
      32
      35
      42
      36
      42
      27
      35
      41
      49
      37
      43
      67
      75
     106
     206
     373
     687
    1189
    1978
    2733
    3695
    4210
    4384
    3926
    3139
    2196
    1293
     770
     363
     148
      71
      35
      11
      15
       4
      13
      11
      13
      13
      11
      11
      11
       5
       6
       9
      11
      13
      11
      11
      16
       4
      10
       6
       6
       6
       6
      13
      11
      12
      11
      11
      11
      13
       8
       2
      10
       7
       8
      17
      13
      10
       9
      10
       7
       8
       7
      11
      10
       6
      11
       7
      13
      12
      17
      14
      10
       8
      14
      18
      11
       6
      12
      11
       8
      12
      15
      18
      13
      16
      14
      15
      25
      23
      36
      17
      16
      22
      22
      35
      28
      37
      46
      60
      71
      66
      76
      66
      61
      48
      43
      18
       9
      13
      23
      17
      24
      16
      25
      18
      26
      24
      30
      36
      46
      54
     102
      83
     104
     103
     101
     107
      78
      87
      88
      98
     100
     103
      68
      57
      23
      24
      11
      12
       3
       4
       2
       3
       5
       4
       9
       4
       2
       3
       4
       2
       5
       6
       2
       3
       4
       5
       2
       5
       5
       7
       7
       4
       4
       3
       2
       4
       1
       6
       0
       9
       2
       8
       9
       7
       2
       7
       4
       4
       3
       8
       8
       3
       3
       5
       1
       3
       8
       5
       2
       3
       3
       6
       2
       2
       2
       6
       4
       3
       5
       3
       3
       4
       8
       5
      10
       6
       8
      12
      11
       5
       5
       6
       3
       3
       5
       9
      12
       7
       4
      10
       8
       3
       3
       8
       4
       3
       9
       5
       4
       7
       8
      13
       5
       7
       4
       6
       1
       4
       5
       3
       1
       5
       1
       7
       6
       3
       8
       3
       3
       2
       1
       4
       4
       2
       6
       2
       1
       5
       6
       4
       7
       6
       3
       3
       2
       7
       4
       2
       4
       4
       4
       4
       4
       4
       6
       4
       3
       6
       4
       7
       8
      20
      20
      35
      37
      53
      63
      66
      87
      67
      73
      48
      50
      33
      21
       8
      10
       9
       6
       3
       1
       0
       2
       5
       1
       3
       4
       1
       4
       2
       4
       4
       3
       6
       1
       4
       2
       3
       3
       1
       1
       3
       2
       4
       3
       2
       2
       4
       1
       0
       0
       3
       1
       3
       0
       2
       2
       4
       4
       0
       4
       1
       3
       3
       2
       3
       2
       1
       5
       3
       2
       0
       2
       0
       1
       6
       1
       2
       3
       2
       3
       2
       1
       2
       6
       3
       4
       5
       3
       3
       4
       2
       3
       2
       3
       0
       1
       2
       2
       3
       0
       2
       2
       3
       2
       3
       0
       3
       1
       2
       2
       3
       3
       2
       0
       1
       1
       2
       2
       2
       1
       5
       2
       2
       4
       2
       3
       5
       2
       2
       2
       1
       0
       4
       1
       1
       1
       4
       4
       3
       3
       3
       4
       2
       5
       4
       6
       7
       5
       4
       6
       1
       1
       2
       3
       2
       8
       4
       7
       2
       3
       3
       5
       1
       4
       4
       8
       6
       3
       5
       3
       3
       2
       3
       2
       4
       1
       2
       3
       2
       2
       0
       5
       2
       5
       3
       2
       4
       5
       1
       1
       5
       7
       0
       1
       4
       1
       2
       1
       4
       1
       3
       2
       1
       0
       1
       1
       3
       0
       0
       2
       2
       1
       1
       1
       1
       2
       1
       2
       2
       5
       6
       5
       2
       1
       3
       0
       3
       3
       2
       5
       1
       1
       1
       2
       0
       0
       1
       1
       2
       3
       4
       2
       1
       1
       0
       3
       3
       1
       4
       0
       2
       3
       1
       0
       4
       2
       1
       1
       2
       2
       0
       4
       0
       1
       2
       1
       3
       3
       3
       5
       2
       3
       4
       4
      10
       5
       3
       4
       1
       1
       4
       3
       2
       2
       2
       1
       5
       5
       4
       3
       1
       0
       4
       2
       5
       2
       3
       2
       1
       0
       1
       2
       2
       3
       1
       3
       3
       2
       2
       1
       2
       2
       5
       0
       1
       3
       3
       3
       3
       0
       0
       2
       2
       1
       0
       1
       0
       0
       1
       0
       0
       4
       1
       2
       1
       0
       0
       0
       2
       3
       3
       2
       2
       1
       2
       0
       3
       0
       2
       0
       0
       0
       2
       2
       2
       0
       4
       1
       2
       0
       3
       0
       2
       2
       2
       2
       2
       1
       1
       1
       0
       0
       2
       2
       2
       2
       1
       1
       1
       0
       1
       1
       1
       0
       1
       0
       1
       4
       1
       0
       3
       4
       3
       1
       2
       0
       1
       1
       2
       0
       0
       2
       1
       1
       1
       1
       1
       1
       0
       0
       1
       0
       0
       0
       3
       0
       1
       2
       1
       0
       0
       1
       0
       1
       3
       1
       0
       1
       2
       0
       1
       1
       0
       1
       2
       2
       1
       1
       0
       2
       2
       0
       2
       0
       4
       1
       2
       1
       2
       2
       1
       1
       2
       0
       0
       0
       4
       4
       1
       0
       3
       1
       0
       1
       0
       1
       2
       5
       2
       2
       4
       2
       2
       0
       1
       4
       5
       1
       2
       2
       2
       3
       1
       1
       1
       3
       0
       0
       3
       0
       0
       0
       0
       1
       4
       0
       2
       0
       2
       0
       1
       1
       4
       0
       3
       0
       3
       1
       3
       1
       0
       2
       3
       1
       1
       2
       0
       0
       0
       1
       1
       0
       0
       0
       2
       3
       1
       2
       0
       0
       1
       1
       0
       1
       0
       0
       0
       1
       1
       2
       1
       0
       2
       0
       0
       2
       2
       0
       0
       2
       1
       0
       0
       3
      10
       7
       5
       8
       6
      10
       9
       4
       4
       2
       3
       4
       1
       2
       4
       3
       3
       3
       3
       1
       3
       0
       0
       1
       3
       0
       2
       0
       0
       0
       2
       1
       0
       1
       0
       1
       0
       4
       1
       0
       2
       2
       1
       0
       2
       4
       0
       0
       0
       1
       1
       3
       0
       2
       0
       1
       2
       1
       0
       0
       2
       1
       1
       0
       2
       0
       1
       0
       0
       0
       1
       1
       0
       4
       1
       0
       1
       3
       1
       1
       0
       1
       3
       2
       4
       2
       1
       0
       1
       1
       0
       1
       2
       0
       2
       1
       0
       2
       1
       0
       2
       4
       1
       1
       0
       1
       3
       2
       2
       1
       1
       2
       1
       2
       0
       0
       2
       0
       4
       1
       0
       1
       0
       1
       0
       1
       1
       0
       7
       1
       3
       1
       1
       0
       2
       1
       2
       1
       2
       1
       2
       1
       1
       2
       2
       1
       1
       3
       0
       1
       0
       0
       3
       0
       0
       0
       1
       0
       1
       0
       1
       2
       1
       2
       2
       1
       1
       0
       1
       2
       1
       0
       1
       0
       3
       0
       0
       0
       0
       1
       0
       2
       0
       2
       0
       0
       1
       1
       0
       0
       3
       1
       1
       1
       1
       0
       0
       3
       2
       0
       1
       1
       0
       1
       0
       2
       0
       1
       1
       0
       0
       1
       1
       0
       1
       1
       2
       1
       1
       2
       4
       2
       0
       0
       1
       1
       1
       1
       1
       0
       1
       5
       0
       0
       0
       1
       4
       1
       1
       1
       0
       1
       1
       1
       1
       0
       0
       0
       1
       1
       0
       3
       0
       0
       1
       2
       1
       2
       1
       0
       0
       1
       1
       0
       1
       2
       0
       1
       1
       2
       1
       0
       0
       0
       2
       0
       1
       0
       1
       3
       2
       2
       0
       0
       1
       0
       0
       0
       1
       1
       1
       1
       1
       1
       0
       1
       2
       1
       0
       1
       0
       1
       0
       0
       2
       1
       2
       0
       0
       0
       2
       0
       0
       1
       1
       3
       2
       0
       1
       0
       0
       0
       0
       0
       1
       0
       1
       0
       5
       0
       0
       0
       1
       1
       0
       0
       3
       0
       1
       0
       1
       0
       1
       0
       4
       1
       0
       0
       0
       0
       4
       1
       0
       0
       2
       1
       0
       2
       0
       0
       1
       0
       1
       0
       2
       0
       1
       1
       1
       0
       0
       1
       0
       0
       0
       0
       1
       1
       3
       0
       1
       0
       1
       1
       0
       3
       0
       2
       1
       1
       0
       0
       0
       2
       1
       1
       0
       2
       1
       1
       0
       2
       1
       0
       1
       3
       3
       2
       0
       0
       0
       2
       0
       0
       0
       1
       1
       0
       0
       1
       1
       1
       0
       2
       2
       0
       1
       0
       1
       1
       1
       1
       2
       2
       2
       1
       1
       0
       0
       0
       2
       0
       2
       0
       0
       1
       2
       0
       0
       2
       0
       1
       1
       2
       0
       2
       1
       1
       1
       0
       0
       0
       0
       0
       2
       0
       2
       1
       0
       1
       0
       1
       1
       2
       1
       1
       2
       0
       0
       1
       1
       2
       3
       2
       1
       2
       0
       1
       2
       1
       0
       0
       0
       0
       0
       0
       0
       2
       0
       1
       0
       1
       0
       0
       2
       0
       1
       0
       0
       0
       0
       1
       2
       1
       2
       0
       2
       0
       0
       1
       0
       2
       0
       0
       1
       2
       0
       0
       0
       0
       0
       0
       0
       1
       1
       0
       6
       0
       0
       1
       1
       0
       0
       0
       0
       0
       1
       0
       1
       2
       0
       2
       0
       1
       0
       0
       0
       1
       3
       1
       1
       0
       1
       1
       1
       0
       1
       0
       0
       0
       0
       2
       2
       0
       1
       0
       4
       2
       0
       2
       2
       1
       2
       2
       1
       0
       0
       0
       0
       0
       0
       0
       2
       0
       0
       0
       1
       0
       0
       3
       0
       0
       0
       1
       1
       1
       0
       2
       0
       1
       0
       1
       0
       0
       0
       1
       1
       1
       0
       1
       0
       0
       1
       0
       0
       0
       0
       3
       2
       0
       0
       0
       1
       1
       0
       1
       0
       0
       0
       3
       0
       0
       1
       1
       0
       0
       1
       1
       0
       1
       0
       0
       0
       0
       0
       2
       1
       0
       1
       0
       0
       0
       0
       0
       0
       1
       1
       0
       1
       0
       2
       0
       0
       3
       0
       0
       1
       0
       0
       1
       0
       1
       0
       1
       0
       1
       0
       0
       1
       0
       0
       0
       0
       2
       2
       2
       1
       0
       0
       0
       1
       0
       1
       1
       2
       1
       1
       0
       2
       0
       0
       0
       0
       1
       1
       0
       0
       0
       0
       1
       1
       0
       0
       1
       1
       0
       0
       2
       1
       0
       3
       2
       1
       0
       1
       0
       1
       0
       1
       0
       1
       0
       0
       0
       2
       0
       2
       0
       0
       1
       0
       0
       0
       0
       0
       1
       0
       0
       0
       1
       0
       1
       0
       1
       0
       1
       0
       1
       0
       1
       0
       1
       1
       0
       1
       1
       0
       2
       0
       1
       0
       0
       0
       2
       0
       0
       2
       0
       0
       4
       2
       1
       0
       1
       3
       0
       3
       5
       3
       2
       0
       1
       1
       1
       1
       1
       0
       0
       0
       0
       1
       2
       0
       1
       0
       0
       2
       0
       0
       1
       0
       1
       0
       0
       1
       1
       0
       0
       0
       0
       1
       1
       2
       2
       1
       0
       0
       1
       2
       1
       0
       0
       0
       2
       1
       1
       0
       2
       2
       1
       0
       0
       1
       1
       1
       0
       0
       2
       0
       0
       0
       1
       0
       2
       1
       0
       0
       1
       0
       0
       0
       1
       1
       0
       0
       0
       0
       0
       0
       1
       0
       0
       0
       1
       0
       2
       0
       3
       0
       0
       0
       0
       1
       0
       1
       0
       1
       0
       0
       1
       2
       1
       1
       0
       1
       0
       1
       0
       0
       0
       0
       0
       0
       0
       0
       0
       1
       0
       2
       0
       0
       0
       0
       0
       1
       0
       2
       2
       1
       0
       1
       2
       0
       1
       1
       0
       0
       0
       1
       0
       0
       0
       1
       0
       2
       1
       0
       0
       0
       1
       1
       0
       0
       0
       2
       0
       1
       1
       1
       0
       1
       1
       2
       2
       0
       0
       0
       0
       0
       1
       1
       1
       0
       0
       2
       0
       1
       2
       0
       0
       1
       0
       1
       0
       0
       0
       0
       0
       1
       0
       2
       0
       1
       3
       1
       1
       1
       1
       3
       1
       0
       0
       2
       0
       0
       0
       1
       1
       0
       1
       0
       0
       1
       2
       1
       0
       1
       0
       1
       1
       0
       1
       3
       2
       1
       2
       1
       1
       2
       2
       2
       2
       3
       2
       1
       0
       0
       0
       1
       1
       0
       3
       1
       0
       0
       0
       0
       1
       1
       0
       1
       0
       0
       1
       0
       1
       0
       0
       1
       0
       1
       0
       2
       2
       1
       0
       0
       1
       1
       0
       0
       0
       1
       2
       0
       0
       1
       0
       0
       0
       1
       0
       1
       1
       2
       1
       0
       0
       0
       0
       0
       1
       1
       1
       1
       0
       1
       0
       0
       0
       0
       1
       0
       1
       0
       1
       0
       1
       2
       2
       0
       0
       0
       0
       0
       0
       0
       1
       0
       0
       0
       0
       0
       0
       1
       1
       0
       0
       2
       0
       0
       0
       0
       1
       1
       0
       0
       0
       2
       0
       0
       1
       0
       0
       1
       0
       0
       0
       3
       0
       0
       1
       0
       1
       0
       0
       1
       0
       2
       0
       0
       0
       0
       1
       0
       0
       1
       0
       0
       0
       1
       0
       0
       1
       0
       1
       0
       1
       0
       1
       0
       2
       0
       0
       1
       0
       0
       0
       3
       0
       2
       2
       1
       0
       1
       1
       1
       1
       1
       1
       1
       0
       0
       0
       0
       0
       0
       0
       1
       1
       0
       0
       0
       1
       0
       1
       1
       0
       0
       0
       0
       3
       1
       2
       0
       0
       1
       0
       0
       0
       1
       0
       0
       2
       0
       0
       1
       3
       0
       0
       0
       2
       3
       1
       0
       2
       0
       1
       0
       1
       0
       0
       1
       1
       0
       0
       0
       0
       0
       1
       2
       1
       0
       0
       1
       0
       0
       1
       0
       1
       1
       2
       2
       0
       0
       0
       0
       0
       1
       1
       0
       0
       1
       2
       0
       1
       1
       1
       1
       2
       2
       0
       1
       0
       0
       0
       1
       0
       1
       1
       0
       2
       0
       0
       0
       1
       0
       1
       1
       1
       2
       2
       0
       1
       0
       1
       0
       1
       0
       0
       1
       1
       0
       0
       0
       1
       1
       0
       0
       0
       1
       1
       0
       0
       0
       0
       2
       0
       0
       1
       0
       1
       0
       0
       0
       0
       0
       0
       0
       0
       1
       1
       0
       1
       2
       1
       0
       0
       3
       0
       2
       1
       0
       1
       2
       0
       0
       0
       0
       1
       2
       0
       1
       1
       1
       0
       0
       2
       0
       0
       0
       1
       1
       0
       1
       1
       0
       0
       0
       1
       1
       2
       0
       0
       1
       0
       0
       0
       1
       0
       1
       1
       0
       0
       3
       0
       2
       1
       2
       0
       0
       0
       0
       1
       1
       0
       1
       2
       1
       1
       0
       0
       1
       1
       0
       0
       1
       0
       2
       0
       1
       0
       1
       0
       0
       1
       0
       1
       1
       0
       1
       0
       0
       0
       0
       0
       0
       2
       2
       0
       3
       0
       0
       1
       0
       0
       1
       1
       0
       0
       0
       0
       0
       1
       0
       0
       2
       0
       2
       0
       0
       0
       2
       0
       0
       0
       0
       0
       0
       0
       0
       0
       1
       0
       2
       1
       2
       0
       0
       0
       0
       0
       0
       0
       0
       0
       0
       0
       0
       0
       0
       0
       1
       0
       1
       1
       0
       2
       0
       0
       0
       0
       0
       1
       1
       0
       0
       2
       0
       0
       1
       0
       0
       1
       0
       1
       0
       0
       1
       1
       0
       0
       0
       1
       0
       1
       0
       0
       0
       0
       1
       0
       2
       1
       0
       1
       0
       0
       0
       0
       0
       0
       0
       1
       0
       1
       0
       0
       0
       0
       1
       0
       0
       0
       0
       0
       0
       0
       0
       0
       2
       2
       0
       0
       1
       0
       1
       0
       0
       3
       1
       0
       0
       1
       2
       0
       0
       0
       1
       0
       0
       0
       0
       2
       2
       1
       0
       1
       4
       0
       1
       0
       3
       0
       0
       1
       1
       0
       0
       0
       1
       0
       1
       0
       1
       1
       0
       0
       1
       0
       0
       0
       0
       0
       0
       0
       1
       0
       0
       1
       0
       0
       0
       1
       0
       1
       0
       0
       0
       2
       0
       0
       1
       0
       0
       0
       0
       1
       1
       0
       0
       0
       0
       1
       1
       0
       1
       1
       0
       0
       0
       0
       2
       0
       0
       0
       0
       0
       0
       0
       0
       2
       0
       0
       1
       0
       1
       1
       0
       0
       1
       0
       0
       0
       0
       1
       0
       0
       0
       0
       0
       1
       0
       0
       0
       0
       0
       0
       0
       0
       0
       0
       1
       0
       0
       0
       0
       0
       0
       0
       0
       0
       0
       0
       0
       0
       0
       0
       0
       0
       0
       0
       0
       0
       0
       0
       0
       0
       0
       0
       0
       0
       0
       0
       0
       1
       0
       0
       1
       1
       0
       0
       1
       0
       0
       1
       0
       0
       0
       0
       0
       0
       0
       1
       0
       0
       0
       0
       0
       0
       0
       0
       0
       0
       0
       0
       0
       0
       0
       0
       0
       0
       0
       0
       0
       0
       0
       0
       0
       0
       0
       0
       0
       0
       0
       0
       0
       0
       0
       0
       0
       0
       0
       0
       1
       0
       0
       0
       0
       0
       0
       0
       0
       0
       0
       0
       0
       0
       0
       0
       0
       0
       0
       0
       0
       0
       0
       0
       0
       0
       0
       1
       0
       0
       0
       0
       0
       0
       0
       0
       0
       0
       0
       0
       0
       0
       0
       0
       0
       0
       0
       0
       0
       0
       0
       0
       0
       0
       0
       0
       0
       0
       0
       0
       0
       0
       0
       0
       0
       1
       0
       0
       0
       0
       0
       0
       0
       1
       0
       0
       0
       0
       0
       0
       0
       0
       0
       0
       0
       0
       0
       0
       0
       0
       0
       0
       0
       0
       0
       0
       0
       0
       1
       0
       2
       1
       0
       0
       0
       0
       0
       0
       0
       1
       0
       0
       0
       0
       0
       0
       0
       0
       0
       0
       1
       0
       0
       0
       0
       0
       1
       0
       0
       0
       0
       0
       0
       0
       0
       1
       0
       1
       0
       0
       0
       0
       0
       0
       0
       0
       0
       0
       0
       0
       0
       0
       0
       0
       1
       0
       0
       1
       0
       0
       0
       0
       0
       0
       0
       0
       0
       0
       0
       1
       0
       0
       0
       0
       0
       0
       0
       0
       0
       0
       0
       1
       0
       1
       3
       4
       5
      11
      11
      13
      18
      12
      10
      12
      13
       5
       4
       5
       5
       1
       1
       1
       0
       0
       0
       0
       1
       0
       0
       0
       0
       0
       0
       0
       0
       0
       1
       0
       0
       0
       0
       0
       1
       1
       0
       0
       0
       0
       0
       0
       0
       0
       0
       0
       0
       0
       0
       0
       0
       0
       1
       0
       0
       0
       0
       0
       0
       1
       0
       0
       0
       0
       0
       0
       0
       0
       0
       0
       0
       0
       0
       0
       0
       0
       0
       0
       0
       0
       0
       0
       0
       0
       0
       1
       0
       0
       0
       0
       0
       0
       0
       0
       0
       0
       0
       0
       0
       0
       0
       0
       0
       0
       0
       1
       0
       0
       0
       0
       0
       0
       0
       0
       0
       0
       0
       0
       0
       0
       0
       0
       0
       1
       0
       0
       0
       0
       0
       0
       0
       0
       0
       0
       0
       0
       0
       0
       0
       0
       0
       0
       1
       0
       0
       0
       0
       0
       0
       0
       0
       0
       0
       0
       0
       0
       1
       0
       1
       0
       0
       0
       0
       0
       0
       0
       0
       0
       0
       0
       0
       0
       0
       0
       0
       0
       0
       0
       0
       0
       0
       0
       0
       0
       0
       0
       0
       0
       0
       0
       0
       0
       0
       0
       0
       0
       0
       0
       0
       0
       0
       0
       1
       0
       0
       0
       0
       0
       0
       0
       0
       0
       0
       0
       0
       0
       0
       0
       0
       0
       0
       0
       0
       0
       0
       0
       0
       0
       0
       0
       0
       0
       0
       0
       0
       0
       0
       0
       0
       0
       0
       0
       0
       0
       0
       0
       0
       0
       0
       0
       0
       0
       0
       0
       0
       0
       0
       0
       0
       0
       0
       1
       0
       0
       0
       0
       0
       0
       0
       0
       0
       1
       0
       0
       0
       0
       0
       0
       0
       0
       0
       0
       0
       0
       0
       0
       0
       1
       0
       0
       0
       0
       0
       0
       0
       0
       0
       0
       0
       0
       0
       0
       0
       0
       1
       0
       0
       0
       0
       0
       0
       0
       0
       0
       0
       0
       0
       0
       0
       0
       0
       0
       0
       0
       0
       0
       0
       0
       0
       0
       0
       0
       0
       0
       0
       0
       0
       1
       0
       0
       0
       0
       0
       0
       0
       0
       0
       0
       0
       0
       0
       0
       0
       0
       0
       0
       0
       0
       0
       0
       0
       0
       0
       0
       0
       0
       0
       0
       0
       0
       0
       0
       0
       0
       0
       0
       0
       0
       0
       0
       0
       0
       0
       0
       0
       0
       0
       0
       0
       0
       0
       1
       0
       0
       0
       0
       0
       0
       0
       0
       0
       0
       0
       0
       0
       0
       0
       0
       0
       0
       0
       0
       0
       0
       1
       0
       0
       0
       0
       0
       0
       0
       0
       0
       0
       2
       0
       0
       0
       0
       0
       0
       0
       0
       0
       0
       0
       0
       0
       0
       0
       0
       0
       0
       0
       0
       0
       0
       0
       0
       0
       0
       0
       0
       0
       0
       0
       0
       0
       0
       0
       0
       0
       0
       0
       0
       0
       0
       0
       0
       0
       0
       0
       0
       0
       0
       0
       0
       0
       0
       0
       0
       0
       0
       0
       0
       0
       0
       1
       0
       0
       0
       0
       0
       0
       0
       0
       1
       0
       0
       0
       0
       0
       0
       0
       0
       0
       0
       0
       0
       0
       0
       0
       0
       0
       0
       0
       0
       0
       0
       0
       0
       0
       0
       0
       0
       0
       1
       0
       0
       0
       0
       0
       0
       0
       0
       0
       0
       0
       0
       0
       0
       0
       0
       0
       0
       0
       0
       0
       0
       0
       0
       0
       1
       0
       0
       0
       0
       0
       0
       0
       0
       0
       0
       0
       0
       0
       0
       0
       0
       0
       0
       0
       0
       0
       0
       0
       0
       0
       0
       0
       0
       0
       0
       0
       0
       0
       0
       0
       0
       0
       0
       0
       0
       0
       0
       1
       0
       0
       1
       0
       0
       0
       0
       0
       0
       0
       0
       0
       0
       0
       0
       0
       0
       0
       0
       0
       0
       0
       0
       0
       0
       0
       0
       0
       0
       0
       0
       0
       0
       0
       0
       0
       0
       0
       0
       0
       0
       0
       0
       0
       0
       0
       0
       0
       0
       0
       0
       0
       0
       0
       0
       0
       0
       0
       0
       0
       0
       0
       0
       0
       0
       0
       0
       0
       0
       0
       0
       0
       0
       0
       0
       0
       0
       0
       0
       0
       0
       0
       0
       0
       0
       0
       0
       0
       0
       0
       0
       0
       0
       0
       0
       0
       0
       0
       0
       0
       0
       0
       0
       0
       0
       0
       0
       0
       0
       0
       0
       0
       0
       0
       0
       0
       0
       0
       0
       0
       0
       0
       0
       1
       1
       0
       0
       0
       0
       0
       0
       0
       0
       0
       0
       0
       0
       0
       0
       0
       0
       0
       0
       0
       0
       0
       0
       0
       0
       0
       0
       0
       0
       0
       0
       0
       0
       0
       0
       0
       0
       0
       0
       0
       0
       0
       0
       0
       0
       0
       0
       0
       0
       0
       0
       0
       0
       0
       0
       0
       0
       0
       0
       0
       0
       0
       0
       0
       0
       0
       0
       0
       0
       0
       0
       0
       0
       0
       0
       0
       0
       0
       0
       0
       0
       0
       0
       0
       0
       0
       0
       0
       0
       0
       0
       0
       0
       0
       0
       0
       0
       0
       0
       0
       0
       0
       0
       0
       0
       0
       0
       0
       0
       0
       0
       0
       0
       0
       0
       0
       0
       0
       0
       0
       0
       0
       0
       0
       0
       0
       0
       1
       0
       0
       0
       0
       0
       0
       0
       0
       0
       0
       0
       0
       0
       0
       0
       0
       0
       0
       0
       0
       0
       0
       0
       0
       0
       0
       0
       0
       0
       0
       0
       0
       0
       0
       0
       0
       0
       0
       0
       0
       0
       0
       0
       0
       0
       0
       0
       0
       0
       1
       0
       0
       0
       0
       0
       0
       0
       0
       0
       0
       0
       0
       0
       0
       0
       0
       0
       0
       0
       0
       0
       0
       0
       0
       0
       0
       0
       0
       0
       0
       0
       0
       0
       0
       0
       0
       0
       0
       0
       0
       0
       0
       0
       0
       0
       0
       0
       0
       0
       0
       0
       0
       0
       0
       0
       0
       0
       0
       0
       0
       0
       0
       0
       0
       0
       0
       0
       0
       0
       0
       0
       1
       0
       0
       0
       0
       0
       0
       0
       0
       0
       0
       0
       0
       0
       0
       0
       0
       0
       0
       0
       0
       0
       0
       0
       0
       0
       0
       0
       0
       0
       0
       0
       0
       0
       0
       0
       0
       0
       0
       0
       0
       0
       0
       0
       0
       0
       0
       0
       0
       0
       0
       0
       0
       0
       0
       0
       0
       0
       0
       0
       0
       0
       0
       0
       0
       0
       0
       0
       0
       0
       1
       0
       0
       0
       0
       0
       0
       0
       0
       0
       0
       0
       0
       0
       0
       0
       0
       0
       0
       0
       0
       0
       0
       0
       0
       0
       0
       0
       0
       0
       0
       0
       0
       0
       0
       0
       0
       0
       1
       0
       0
       0
       0
       0
       0
       0
       0
       0
       0
       0
       0
       0
       0
       0
       0
       0
       0
       0
       0
       0
       0
       0
       0
       0
       0
       0
       0
       0
       0
       0
       0
       0
       0
       0
       0
       0
       0
       0
       0
       0
       0
       0
       0
       0
       0
       0
       0
       0
       0
       0
       0
       0
       0
       0
       0
       0
       0
       0
       0
       0
       0
       0
       0
       0
       0
       0
       0
       0
       0
       0
       0
       0
       0
       0
       0
       0
       0
       0
       0
       0
       0
       0
       0
       0
       0
       0
       0
       0
       0
       0
       0
       0
       0
       0
       0
       0
       0
       0
       0
       0
       0
       0
       0
       0
       0
       0
       0
       0
       0
       0
       0
       0
       0
       0
       0
       0
       0
       0
       0
       0
       0
       0
       0
       0
       0
       0
       0
       0
       0
       0
       0
       0
       0
       0
       0
       0
       0
       0
       0
       0
       0
       0
       0
       0
       0
       0
       0
       0
       0
       0
       0
       0
       0
       0
       0
       0
       0
       0
       0
       0
       0
       0
       0
       0
       0
       0
       0
       0
       0
       0
       0
       0
       0
       0
       0
       0
       0
       0
       0
       0
       0
       0
       0
       0
       0
       0
       0
       0
       0
       0
       0
       0
       0
       0
       0
       0
       0
       0
       0
       0
       0
       0
       0
       0
       0
       0
       0
       0
       0
       0
       0
       0
       0
       0
       0
       0
       0
       0
       0
       0
       0
       0
       0
       0
       0
       0
       0
       0
       0
       0
       0
       0
       0
       0
       0
       0
       0
       0
       0
       0
       0
       0
       0
       0
       0
       0
       0
       0
       0
       0
       0
       0
       0
       0
       0
       0
       0
       0
       0
       0
       0
       0
       0
       0
       0
       0
       0
       0
       0
       0
       0
       0
       0
       0
       0
       0
       0
       0
       0
       0
       0
       0
       0
       0
       0
       0
       0
       0
       0
       0
       0
       0
       0
       0
       0
       0
       0
       0
       0
       0
       0
       0
       0
       0
       0
       0
       0
       0
       0
       0
       0
       0
       0
       0
       0
       0
       0
       0
       0
       0
       0
       0
       0
       0
       0
       0
       0
       0
       0
       0
       0
       0
       0
       0
       0
       0
       0
       0
       0
       0
       0
       0
       0
       0
       0
       0
       0
       0
       0
       0
       0
       0
       0
       0
       0
       0
       0
       0
       0
       0
       0
       0
       0
       0
       0
       0
       0
       0
       0
       0
       0
       0
       0
       0
       0
       0
       0
       0
       0
       0
       0
       0
       0
       0
       0
       0
       0
       0
       0
       0
       0
       0
       0
       0
       0
       0
       0
       0
       0
       0
       0
       0
       0
       0
       0
       0
       0
       0
       0
       0
       0
       0
       0
       0
       0
       0
       0
       0
       0
       0
       0
       0
       0
       1
       0
       0
       0
       0
       0
       0
       0
       0
       0
       0
       0
       0
       0
       0
       0
       0
       0
       0
       0
       0
       0
       0
       0
       0
       0
       0
       0
       0
       0
       0
       0
       0
       0
       0
       0
       0
       0
       0
       0
       0
       0
       0
       0
       0
       0
       0
       0
       0
       0
       0
       0
       0
       0
       0
       0
       0
       0
       0
       0
       0
       0
       0
       0
       1
       0
       0
       0
       0
       0
       0
       0
       0
       0
       1
       0
       0
       0
       0
       0
       0
       0
       0
       0
       0
       0
       0
       0
       0
       0
       0
       0
       0
       0
       0
       0
       0
       0
       0
       0
       0
       0
       0
       0
       0
       0
       0
       0
       0
       0
       0
       0
       0
       0
       0
       0
       0
       0
       0
       0
       0
       0
       0
       0
       0
       0
       0
       0
       0
       0
       0
       0
       0
       0
       0
       0
       0
       0
       0
       0
       0
       0
       0
       0
       0
       0
       0
       0
       0
       0
       0
       0
       0
       0
       0
       0
       0
       0
       0
       0
       0
       0
       0
       0
       0
       0
       0
       0
       0
       0
       0
       0
       0
       0
       0
       0
       0
       0
       0
       0
       0
       0
       0
       0
       0
       0
       0
       0
       0
       0
       0
       0
       0
       0
       0
       0
       0
       0
       0
       0
       1
       0
       0
       0
       0
       0
       0
       0
       0
       0
       0
       0
       0
       0
       0
       0
       0
       1
       0
       0
       0
       0
       0
       0
       0
       0
       0
       0
       0
       0
       0
       1
       0
       0
       0
       0
       0
       0
       0
       0
       0
       0
       0
       0
       0
       0
       0
       0
       0
       0
       0
       0
       0
       0
       0
       0
       0
       0
       0
       0
       0
       0
       0
       0
       0
       0
       0
       0
       0
       0
       0
       0
       0
       0
       0
       0
       0
       0
       0
       0
       0
       0
       0
       0
       0
       0
       0
       0
       0
       0
       0
       0
       0
       0
       0
       0
       0
       0
       0
       0
       0
       0
       0
       0
       1
       0
       0
       0
       0
       0
       0
       0
       0
       0
       0
       0
       0
       0
       0
       0
       0
       0
       0
       0
       0
       0
       0
       0
       0
       0
       0
       0
       0
       0
       0
       0
       0
       0
       0
       0
       0
       0
       0
       0
       0
       0
       0
       0
       0
       0
       0
       0
       0
       0
       0
       0
       0
       0
       0
       0
       0
       0
       0
       0
       0
       0
       0
       0
       0
       0
       0
       0
       0
       0
       0
       0
       0
       0
       0
       0
       1
       0
       0
       0
       0
       0
       0
       0
       0
       0
       0
       0
       0
       0
       0
       0
       0
       0
       0
       0
       0
       0
       0
       0
       0
       0
       0
       0
       0
       0
       0
       0
       0
       0
       0
       0
       0
       0
       0
       0
       0
       0
       0
       0
       0
       0
       0
       0
       0
       0
       0
       0
       0
       0
       0
       0
       0
       0
       0
       0
       0
       1
       0
       0
       0
       0
       0
       0
       0
       0
       0
       0
       0
       0
       0
       0
       0
       0
       0
       0
       0
       0
       0
       0
       0
       0
       0
       0
       0
       0
       0
       0
       0
       0
       0
       0
       0
       0
       0
       0
       0
       0
       0
       0
       0
       0
       0
       0
       0
       0
       0
       0
       0
       0
       0
       0
       0
       0
       0
       0
       0
       0
       0
       0
       0
       0
       0
       0
       0
       0
       0
       0
       0
       0
       0
       0
       0
       0
       0
       0
       0
       0
       0
       0
       0
       0
       0
       0
       0
       0
       0
       0
       0
       0
       0
       0
       0
       0
       0
       0
       0
       0
       0
       0
       0
       0
       0
       0
       0
       0
       0
       0
       0
       0
       0
       0
       0
       0
       0
       0
       0
       0
       0
       0
       0
       0
       0
       0
       0
       0
       0
       0
       0
       0
       0
       0
       0
       0
       0
       0
       0
       0
       0
       0
       0
       0
       0
       0
       0
       0
       0
       0
       0
$ROI:
0
$PRESETS:
Live Time
900
0
$ENER_FIT:
8.931054 0.240803
$MCA_CAL:
3
8.931054E+000 2.408025E-001 6.157388E-008 keV
$SHAPE_CAL:
3
9.658150E+000 -1.618950E-003 2.758845E-007
