$SPEC_ID:
No sample description was entered.
$SPEC_REM:
DET# 1
DETDESC# EPS-140909 Easy-MCA-8k SN 16175454
AP# Maestro Version 7.01
$DATE_MEA:
03/07/2022 17:25:55
$MEAS_TIM:
81 104
$DATA:
0 8191
       0
       0
       0
       0
       0
       0
       0
       0
       0
       0
       0
       0
       0
       0
       0
       0
       0
       0
       0
       0
       0
       0
       0
       0
       0
       0
       0
       0
       0
       0
       0
       0
       0
       0
       1
       1
       5
       7
       8
      23
      88
     577
    3904
    4194
    3093
    2869
    2772
    2766
    2754
    2814
    2861
    2894
    3007
    3052
    3155
    3198
    3359
    3320
    3376
    3455
    3470
    3628
    3694
    3628
    3987
    4231
    4750
    5177
    5831
    6151
    6325
    6282
    5787
    5654
    5639
    6165
    6599
    7580
    8665
   10416
   12371
   13820
   15084
   15275
   14980
   14729
   14739
   16135
   20470
   30401
   49057
   75616
   97453
  102591
   83317
   54115
   27919
   13653
    7957
    6490
    6254
    6806
    8607
   12378
   18776
   23838
   25187
   21744
   16174
   10931
    7292
    4759
    3357
    2686
    2519
    2347
    2299
    2015
    1964
    1864
    1874
    1855
    1831
    1847
    1822
    1759
    1754
    1703
    1780
    1718
    1614
    1639
    1647
    1677
    1590
    1582
    1574
    1510
    1591
    1534
    1609
    1603
    1504
    1625
    1561
    1568
    1556
    1615
    1686
    1745
    1678
    1676
    1713
    1753
    1762
    1716
    1790
    1811
    1801
    1858
    1880
    1923
    1930
    1948
    1983
    2042
    2100
    2148
    2202
    2372
    2440
    2533
    2670
    2901
    3183
    3111
    2888
    2844
    2713
    2626
    2530
    2814
    2942
    3503
    4073
    4611
    4937
    4447
    3778
    3061
    2634
    2338
    2350
    2443
    2602
    2918
    3212
    3552
    3749
    3854
    3667
    3256
    2904
    2517
    2452
    2232
    2180
    2136
    2144
    2131
    2049
    2080
    2001
    2037
    2031
    1996
    1866
    1852
    1787
    1823
    1698
    1809
    1841
    1714
    1759
    1764
    1792
    1810
    1801
    1799
    1787
    1810
    1705
    1755
    1732
    1782
    1767
    1787
    1796
    1807
    1847
    1687
    1764
    1754
    1831
    1865
    1816
    1869
    1794
    1893
    1915
    1896
    1890
    1945
    1842
    1913
    2008
    1990
    1988
    2076
    2014
    2156
    2110
    2134
    2179
    2276
    2234
    2176
    2238
    2352
    2300
    2388
    2544
    2443
    2559
    2773
    2805
    3062
    3464
    4710
    8065
   15100
   26597
   38555
   43742
   37373
   25083
   12887
    5717
    2719
    1734
    1581
    1520
    1398
    1411
    1404
    1409
    1411
    1360
    1370
    1402
    1313
    1370
    1295
    1421
    1353
    1259
    1306
    1302
    1329
    1381
    1293
    1348
    1266
    1277
    1268
    1245
    1301
    1300
    1312
    1195
    1263
    1269
    1269
    1228
    1269
    1283
    1264
    1301
    1235
    1286
    1253
    1262
    1262
    1285
    1283
    1272
    1314
    1266
    1346
    1368
    1379
    1392
    1441
    1406
    1443
    1411
    1453
    1477
    1459
    1446
    1478
    1511
    1512
    1615
    1578
    1602
    1541
    1596
    1560
    1605
    1595
    1656
    1697
    1829
    1944
    1956
    1993
    1956
    1955
    2039
    2041
    2162
    2664
    3414
    4499
    5534
    5854
    5257
    4035
    2724
    1815
    1513
    1427
    1325
    1315
    1428
    1721
    1922
    2112
    2220
    2097
    1968
    1561
    1333
    1219
    1154
    1116
    1182
    1057
    1068
    1139
    1102
    1083
    1103
    1094
    1006
    1086
    1119
    1026
    1100
    1092
    1054
    1081
    1083
    1050
    1058
    1083
    1089
    1070
    1038
    1020
    1068
    1156
    1070
     998
    1028
    1045
    1046
    1117
    1085
    1107
    1075
    1030
    1052
    1120
    1119
    1056
    1096
    1045
    1023
    1020
    1013
    1092
    1034
    1050
    1119
    1068
    1063
    1030
    1041
    1049
    1083
    1071
    1114
    1056
     997
    1050
     969
    1018
     966
    1065
     991
     984
     965
     869
     935
     956
     966
     987
     920
     881
     919
     924
     899
     888
     826
     866
     857
     880
     862
     927
     872
     834
     858
     834
     884
     826
     803
     829
     854
     838
     829
     849
     898
     822
     851
     871
     847
     840
     809
     884
     800
     848
     728
     785
     796
     828
     826
     808
     843
     804
     770
     845
     768
     770
     795
     800
     811
     781
     776
     784
     813
     831
     847
     761
     791
     818
     789
     826
     792
     801
     768
     807
     801
     782
     769
     779
     791
     789
     789
     806
     779
     826
     781
     764
     788
     776
     818
     762
     843
     803
     765
     783
     787
     790
     797
     770
     784
     798
     799
     848
     837
     910
     859
    1057
    1277
    1838
    3041
    4477
    5499
    5300
    4248
    2812
    1516
     933
     753
     711
     651
     669
     658
     709
     640
     668
     641
     640
     673
     731
     717
     685
     608
     615
     617
     636
     599
     639
     644
     644
     648
     601
     591
     615
     626
     624
     610
     572
     617
     648
     630
     606
     644
     579
     557
     574
     611
     611
     593
     617
     594
     576
     618
     620
     586
     633
     630
     631
     586
     568
     614
     620
     641
     647
     634
     676
     655
     583
     600
     589
     656
     610
     636
     608
     613
     599
     646
     618
     585
     652
     641
     664
     669
     637
     667
     665
     650
     663
     675
     637
     701
     751
     877
    1013
    1174
    1346
    1297
    1061
     904
     732
     659
     592
     547
     554
     586
     655
     623
     703
     737
     748
     694
     619
     542
     572
     545
     546
     470
     552
     601
     631
     657
     732
     714
     694
     645
     578
     559
     561
     543
     547
     534
     460
     526
     507
     515
     522
     503
     523
     507
     529
     497
     491
     523
     535
     532
     525
     502
     533
     529
     523
     539
     546
     473
     526
     540
     494
     538
     542
     514
     532
     562
     532
     535
     536
     552
     539
     539
     558
     553
     540
     546
     552
     526
     558
     552
     550
     566
     541
     563
     565
     570
     597
     622
     582
     624
     597
     627
     684
     682
     694
     736
     689
     700
     657
     665
     650
     600
     672
     651
     719
     711
     700
     702
     692
     687
     680
     653
     662
     659
     713
     702
     715
     741
     752
     705
     776
     784
     747
     730
     790
     762
     784
     804
     852
     868
     994
    1032
    1135
    1206
    1561
    2413
    4310
    7969
   12432
   15858
   15641
   12452
    7644
    3850
    1698
     853
     610
     542
     506
     519
     479
     499
     491
     497
     522
     439
     483
     484
     464
     438
     470
     457
     417
     468
     519
     480
     458
     460
     468
     472
     448
     467
     480
     426
     452
     460
     459
     488
     500
     443
     456
     489
     447
     489
     485
     453
     471
     488
     596
     670
     752
     858
     951
     950
     997
     879
     741
     601
     526
     432
     442
     482
     455
     451
     490
     450
     463
     420
     476
     451
     439
     430
     456
     429
     481
     449
     441
     483
     400
     463
     444
     444
     490
     482
     485
     453
     453
     472
     476
     437
     469
     478
     457
     456
     410
     464
     450
     442
     409
     415
     439
     401
     390
     411
     432
     401
     415
     413
     388
     413
     379
     391
     376
     363
     414
     381
     364
     363
     368
     353
     417
     412
     384
     423
     379
     369
     364
     366
     385
     397
     433
     399
     389
     378
     377
     395
     376
     370
     396
     384
     411
     421
     369
     441
     400
     439
     391
     398
     383
     441
     470
     577
     696
     877
    1089
    1285
    1162
    1048
     707
     539
     433
     365
     353
     393
     356
     420
     373
     410
     419
     400
     386
     373
     377
     377
     370
     374
     339
     370
     357
     392
     351
     340
     403
     361
     336
     324
     374
     391
     352
     348
     352
     340
     365
     346
     361
     360
     383
     349
     337
     377
     337
     382
     389
     392
     351
     374
     349
     352
     372
     377
     365
     372
     347
     382
     370
     389
     355
     367
     363
     354
     369
     376
     384
     373
     390
     397
     404
     454
     544
     746
    1029
    1347
    1326
    1262
     920
     631
     443
     403
     372
     328
     351
     359
     373
     355
     345
     362
     349
     354
     353
     341
     351
     327
     386
     358
     367
     369
     356
     350
     368
     350
     328
     337
     399
     348
     342
     382
     339
     335
     336
     349
     361
     339
     353
     348
     365
     342
     379
     336
     389
     383
     377
     351
     327
     366
     380
     337
     348
     324
     317
     365
     340
     328
     336
     351
     321
     338
     341
     327
     347
     341
     318
     338
     325
     365
     346
     322
     335
     359
     349
     374
     372
     312
     338
     368
     353
     355
     363
     362
     386
     376
     424
     380
     470
     463
     469
     480
     446
     436
     402
     374
     342
     364
     358
     403
     424
     485
     440
     429
     423
     412
     363
     365
     353
     331
     340
     334
     375
     365
     339
     337
     331
     313
     351
     355
     286
     330
     321
     334
     324
     353
     351
     342
     329
     307
     344
     350
     336
     328
     365
     356
     397
     373
     376
     361
     323
     324
     359
     353
     319
     324
     330
     313
     333
     333
     340
     347
     322
     346
     335
     327
     312
     342
     317
     311
     313
     329
     330
     311
     352
     352
     340
     334
     349
     349
     331
     356
     367
     328
     348
     357
     372
     363
     341
     358
     351
     346
     361
     340
     351
     326
     346
     350
     323
     320
     350
     347
     323
     386
     358
     353
     327
     344
     355
     303
     348
     334
     305
     339
     354
     350
     350
     336
     375
     355
     364
     343
     340
     344
     360
     331
     317
     354
     349
     326
     356
     350
     337
     337
     370
     399
     383
     317
     335
     339
     334
     330
     337
     354
     329
     359
     321
     343
     325
     362
     360
     334
     336
     341
     355
     342
     351
     325
     345
     340
     366
     317
     342
     348
     365
     365
     329
     350
     338
     358
     363
     370
     307
     376
     363
     370
     362
     354
     351
     362
     366
     344
     380
     327
     422
     456
     428
     506
     460
     477
     453
     456
     447
     423
     400
     417
     399
     316
     377
     334
     364
     384
     391
     380
     348
     348
     356
     363
     371
     332
     354
     376
     343
     364
     382
     351
     348
     331
     355
     345
     336
     318
     352
     347
     367
     346
     358
     334
     354
     351
     357
     340
     341
     395
     358
     359
     394
     405
     414
     444
     454
     431
     389
     329
     339
     340
     338
     335
     313
     345
     312
     320
     369
     329
     356
     285
     325
     336
     287
     281
     294
     313
     324
     272
     289
     318
     319
     333
     330
     300
     298
     292
     306
     316
     326
     317
     341
     310
     311
     314
     316
     327
     337
     337
     314
     346
     319
     323
     318
     321
     297
     307
     342
     317
     310
     278
     329
     302
     309
     312
     342
     308
     293
     285
     320
     333
     304
     300
     314
     306
     280
     267
     310
     278
     312
     273
     290
     247
     317
     292
     295
     325
     297
     298
     316
     293
     328
     318
     277
     310
     309
     296
     305
     286
     280
     313
     254
     280
     279
     286
     290
     311
     268
     310
     290
     291
     300
     302
     335
     293
     275
     310
     304
     278
     279
     292
     320
     291
     288
     303
     305
     291
     277
     285
     299
     290
     287
     290
     295
     273
     282
     273
     272
     289
     300
     293
     294
     263
     291
     289
     281
     280
     305
     307
     269
     289
     299
     274
     309
     291
     292
     318
     285
     289
     296
     308
     294
     293
     283
     290
     317
     320
     315
     330
     346
     291
     315
     295
     282
     315
     292
     292
     292
     312
     300
     294
     301
     290
     280
     298
     306
     296
     286
     299
     335
     313
     296
     271
     312
     304
     288
     305
     300
     276
     286
     286
     263
     314
     296
     306
     295
     282
     323
     299
     363
     353
     330
     307
     314
     295
     315
     314
     337
     363
     383
     368
     348
     360
     291
     313
     269
     299
     306
     287
     285
     298
     290
     343
     329
     305
     317
     287
     296
     362
     393
     388
     422
     435
     467
     451
     393
     335
     320
     292
     264
     266
     267
     324
     240
     244
     289
     292
     326
     311
     327
     309
     303
     287
     311
     277
     299
     269
     274
     304
     273
     310
     291
     308
     283
     266
     288
     279
     303
     300
     294
     258
     311
     277
     288
     280
     283
     271
     272
     297
     307
     287
     298
     347
     296
     292
     323
     294
     304
     337
     350
     301
     359
     284
     318
     329
     300
     280
     260
     268
     318
     316
     328
     340
     358
     346
     347
     330
     296
     308
     318
     320
     334
     334
     325
     314
     330
     307
     321
     318
     309
     317
     320
     332
     302
     306
     325
     347
     302
     325
     304
     309
     304
     340
     315
     315
     277
     321
     334
     322
     300
     338
     267
     310
     301
     317
     330
     287
     300
     300
     275
     289
     328
     312
     313
     303
     322
     327
     308
     299
     309
     318
     342
     289
     262
     317
     315
     319
     297
     318
     326
     308
     339
     329
     322
     309
     272
     313
     320
     278
     310
     323
     349
     314
     352
     367
     346
     344
     371
     332
     373
     374
     338
     357
     330
     335
     327
     323
     346
     335
     330
     336
     330
     326
     319
     338
     308
     326
     348
     366
     365
     377
     344
     364
     322
     308
     324
     330
     311
     334
     331
     338
     370
     353
     343
     340
     315
     296
     309
     363
     382
     358
     369
     353
     357
     369
     375
     389
     482
     652
     931
    1371
    2078
    2679
    3043
    2788
    2145
    1422
     844
     541
     378
     291
     297
     295
     289
     278
     289
     294
     289
     298
     297
     304
     289
     283
     315
     294
     296
     266
     295
     287
     301
     265
     284
     288
     286
     276
     292
     259
     265
     281
     269
     291
     288
     304
     296
     298
     301
     281
     276
     279
     252
     288
     260
     285
     241
     274
     274
     288
     294
     284
     276
     299
     298
     281
     286
     286
     283
     269
     293
     281
     256
     265
     288
     309
     320
     314
     310
     342
     364
     302
     304
     296
     307
     272
     293
     299
     304
     269
     290
     288
     244
     271
     269
     257
     296
     291
     267
     291
     282
     305
     254
     272
     265
     298
     265
     291
     263
     237
     279
     263
     246
     247
     255
     253
     258
     279
     281
     248
     304
     256
     270
     250
     282
     260
     282
     273
     263
     273
     251
     260
     272
     247
     275
     270
     290
     289
     245
     274
     256
     278
     258
     264
     291
     267
     260
     283
     275
     295
     268
     287
     281
     303
     298
     267
     284
     258
     248
     293
     243
     287
     280
     269
     266
     266
     286
     259
     287
     268
     295
     304
     252
     319
     283
     276
     261
     291
     254
     245
     279
     281
     281
     294
     258
     295
     269
     266
     252
     288
     250
     303
     285
     259
     268
     259
     287
     273
     283
     267
     245
     299
     267
     280
     296
     291
     330
     340
     418
     476
     636
     735
     769
     806
     646
     508
     424
     302
     292
     261
     274
     268
     289
     267
     278
     270
     278
     278
     270
     240
     263
     286
     264
     262
     240
     269
     288
     260
     288
     261
     291
     266
     283
     241
     252
     266
     247
     261
     264
     236
     255
     225
     249
     258
     253
     260
     256
     244
     248
     263
     248
     257
     253
     230
     281
     260
     252
     245
     232
     245
     272
     233
     291
     266
     270
     250
     269
     243
     246
     248
     255
     224
     235
     272
     298
     294
     262
     264
     267
     258
     245
     250
     265
     258
     267
     236
     248
     257
     261
     288
     256
     248
     274
     312
     322
     312
     297
     301
     248
     255
     240
     223
     233
     222
     211
     231
     215
     255
     220
     216
     234
     235
     184
     222
     226
     185
     224
     211
     215
     229
     264
     258
     257
     254
     257
     230
     215
     231
     212
     213
     223
     214
     209
     207
     219
     238
     226
     238
     267
     267
     228
     227
     219
     225
     183
     206
     215
     245
     204
     211
     210
     230
     201
     224
     232
     203
     193
     218
     229
     235
     215
     205
     212
     201
     184
     187
     191
     214
     209
     201
     206
     195
     200
     220
     218
     215
     200
     205
     227
     184
     222
     207
     216
     236
     218
     195
     215
     242
     199
     237
     206
     231
     188
     200
     195
     235
     209
     193
     196
     233
     239
     215
     239
     176
     224
     197
     211
     191
     195
     225
     222
     216
     261
     229
     263
     217
     260
     257
     252
     278
     267
     362
     456
     641
     932
    1408
    1820
    2107
    2000
    1616
    1159
     695
     488
     295
     210
     190
     181
     165
     186
     188
     167
     168
     166
     158
     177
     172
     175
     159
     172
     164
     180
     182
     176
     197
     178
     182
     173
     172
     176
     183
     176
     182
     158
     174
     174
     177
     151
     173
     163
     175
     175
     186
     139
     178
     167
     156
     152
     183
     161
     180
     167
     170
     177
     212
     180
     191
     209
     216
     203
     179
     173
     169
     191
     156
     169
     149
     162
     202
     167
     198
     179
     196
     187
     185
     178
     175
     191
     186
     169
     176
     228
     202
     221
     216
     233
     244
     266
     318
     399
     446
     507
     489
     483
     400
     329
     225
     223
     183
     161
     160
     179
     206
     223
     244
     205
     208
     168
     165
     156
     147
     149
     151
     139
     124
     139
     152
     134
     144
     137
     130
     135
     146
     144
     140
     156
     144
     121
     156
     128
     121
     118
     136
     146
     154
     141
     153
     134
     129
     143
     142
     128
     126
     128
     132
     143
     128
     122
     133
     145
     132
     127
     150
     139
     135
     121
     119
     130
     147
     135
     150
     132
     123
     165
     130
     138
     108
     134
     131
     127
     134
     145
     150
     163
     151
     144
     121
     147
     137
     148
     136
     164
     140
     135
     142
     134
     134
     170
     148
     136
     164
     140
     141
     151
     154
     152
     155
     170
     165
     137
     152
     137
     137
     149
     119
     161
     160
     166
     138
     134
     135
     128
     147
     130
     132
     121
     151
     110
     131
     159
     157
     152
     145
     133
     140
     146
     127
     123
     130
     143
     138
     154
     139
     137
     150
     145
     163
     139
     156
     144
     152
     166
     159
     168
     131
     161
     142
     160
     137
     152
     152
     161
     181
     154
     155
     154
     145
     171
     158
     159
     148
     170
     184
     168
     169
     160
     194
     191
     198
     176
     194
     189
     224
     207
     239
     259
     298
     458
     650
     956
    1281
    1549
    1602
    1450
    1191
     902
     588
     399
     342
     348
     386
     385
     366
     323
     279
     202
     188
     159
     181
     179
     165
     152
     171
     155
     164
     148
     155
     134
     143
     141
     174
     155
     167
     180
     130
     156
     153
     149
     165
     159
     178
     183
     185
     173
     171
     170
     157
     169
     171
     183
     197
     205
     199
     195
     250
     223
     294
     335
     457
     660
     961
    1252
    1604
    1744
    1626
    1233
     885
     539
     349
     254
     214
     185
     151
     148
     170
     143
     158
     143
     149
     156
     165
     161
     162
     196
     156
     204
     238
     248
     300
     289
     306
     317
     317
     310
     310
     296
     304
     245
     215
     181
     150
     137
     139
     147
     149
     162
     162
     195
     190
     197
     177
     169
     141
     146
     118
     133
     124
     148
     133
     136
     125
     119
     140
     154
     141
     135
     145
     140
     142
     139
     148
     146
     150
     154
     145
     160
     161
     147
     151
     165
     160
     164
     138
     182
     169
     163
     162
     178
     176
     182
     194
     236
     219
     297
     348
     358
     381
     376
     282
     264
     196
     159
     134
     141
     145
     177
     173
     188
     177
     193
     181
     160
     154
     164
     152
     148
     134
     137
     149
     122
     137
     139
     128
     131
     139
     129
     142
     134
     129
     129
     135
     115
     114
     117
     134
     133
     140
     146
     130
     147
     141
     133
     151
     134
     105
     134
     126
     138
     134
     112
     149
     112
     130
     130
     133
     113
     128
     118
     126
     132
     128
     121
     140
     132
     149
     125
     130
     139
     148
     124
     140
     113
     135
     128
     143
     137
     126
     141
     134
     122
     124
     140
     126
     136
     115
     104
     128
     138
     133
     124
     128
     111
     109
      99
     122
     114
      96
     109
     121
     106
     119
     143
     125
      95
     111
     105
     104
     109
     111
     113
      92
     106
     100
      90
      89
     124
     103
     115
     105
     130
     126
     105
     106
     114
     108
     119
      96
     111
      98
      94
      93
     123
     119
     114
     146
     155
     220
     210
     260
     210
     175
     155
     134
     113
     108
      90
      89
      95
     112
      85
     124
      97
      96
      97
      85
      89
      74
      94
     100
     100
      99
      99
      88
      83
      95
     104
     104
      97
      78
      80
      86
      86
      90
      89
      84
      96
      88
     108
      99
     106
      79
     125
     105
     134
     160
     166
     202
     201
     173
     143
     137
      94
      82
      80
      67
      93
      94
      78
      93
      97
      65
      69
      82
      68
      76
      84
      85
      59
      88
      73
      87
      91
      65
      70
      76
      87
      69
      87
      62
      66
      80
      74
     108
      74
      81
     106
      96
      80
     100
      85
      90
     102
     100
      81
      69
      83
      86
      80
      72
      67
      80
      73
      82
      71
      65
      80
      93
      77
      68
      87
      70
      70
      90
      60
      67
      67
      69
      64
      72
      68
      51
      76
      64
      79
      65
      78
      73
      66
      59
      65
      59
      61
      64
      71
      75
      81
      76
      87
      95
      79
      92
      80
      92
      79
      83
      63
      69
      69
      65
      55
      58
      54
      75
      65
      52
      61
      61
      60
      68
      73
      72
      55
      56
      54
      49
      66
      56
      47
      64
      59
      54
      50
      59
      54
      56
      60
      55
      58
      69
      52
      68
      71
      69
      69
      66
      67
      59
      56
      79
      59
      70
      55
      81
      70
     107
     120
     158
     211
     219
     227
     182
     175
     137
      95
      46
      61
      52
      67
      67
      56
      46
      52
      44
      45
      44
      44
      37
      49
      56
      39
      43
      27
      41
      41
      39
      48
      46
      51
      48
      48
      38
      46
      38
      41
      46
      48
      41
      47
      44
      35
      39
      45
      59
      48
      38
      32
      42
      33
      48
      51
      32
      32
      43
      35
      41
      42
      44
      34
      25
      24
      41
      33
      35
      37
      38
      37
      39
      45
      39
      25
      40
      31
      32
      42
      30
      36
      35
      55
      47
      42
      49
      36
      45
      36
      37
      27
      43
      36
      39
      27
      40
      34
      35
      32
      41
      29
      28
      25
      29
      31
      23
      34
      37
      26
      23
      31
      33
      28
      20
      35
      43
      29
      28
      41
      28
      32
      42
      37
      32
      35
      24
      33
      25
      32
      33
      37
      29
      36
      44
      33
      27
      35
      28
      40
      35
      40
      27
      30
      33
      32
      28
      33
      41
      30
      38
      30
      34
      30
      40
      38
      32
      20
      37
      39
      32
      28
      31
      35
      22
      30
      40
      35
      32
      35
      31
      33
      41
      45
      36
      39
      32
      35
      34
      33
      26
      33
      27
      41
      32
      33
      27
      34
      28
      33
      36
      23
      28
      43
      34
      40
      34
      42
      25
      44
      53
      46
      47
      31
      32
      47
      43
      52
      45
      55
      56
      39
      45
      49
      47
      57
      45
      61
      52
      55
      44
      53
      48
      50
      57
      66
      59
      62
      60
      63
      51
      74
      53
      56
      61
      54
      70
      70
      70
      63
      86
      83
      88
      56
      86
      85
      71
      85
     106
     112
     156
     184
     279
     416
     630
     978
    1323
    1666
    1734
    1635
    1390
     971
     607
     327
     190
      99
      54
      54
      40
      37
      37
      33
      32
      37
      39
      27
      38
      30
      43
      31
      32
      34
      31
      22
      34
      33
      32
      29
      29
      37
      31
      35
      30
      28
      25
      24
      27
      36
      33
      30
      37
      37
      29
      35
      34
      38
      24
      42
      33
      41
      36
      49
      29
      32
      39
      46
      32
      55
      53
      44
      41
      53
      46
      42
      32
      44
      43
      60
      53
      42
      42
      52
      45
      42
      57
      45
      63
      54
      63
      58
      72
      77
      70
      94
      92
     106
     123
     158
     205
     249
     300
     289
     289
     232
     172
     120
      74
      59
      32
      46
      53
      55
      63
      90
      86
      91
      87
      77
      65
      53
      58
      66
      61
      62
      51
      71
      45
      45
      28
      28
      27
      26
      23
      18
      21
      21
      17
      17
      22
      15
      17
      20
      16
      17
      19
      21
      21
      21
      17
      10
      20
      15
      15
      19
      15
      14
      24
      16
      17
       9
      21
      18
      22
      19
       7
      13
      16
      22
      13
      36
      24
      29
      21
      17
      14
      16
      16
      24
      19
      25
      23
      23
      21
      20
      19
      25
      15
      28
      15
      27
      11
      31
      25
      22
      37
      28
      23
      17
      17
      19
      14
      22
      33
      18
      19
      25
      20
      32
      18
      19
      15
      20
      21
      21
      22
      23
      35
      31
      25
      15
      19
      15
      19
      19
      18
       6
      15
      13
      20
      22
      14
      16
      17
      14
      17
      10
       7
      15
      18
      15
      14
      12
      12
      21
      21
      11
      15
      19
      18
      14
      11
      14
      21
      12
      16
      12
      12
      15
      20
       7
      16
      20
      21
      10
      12
      13
      14
      12
      18
      15
      17
      19
      11
      17
      15
       8
       9
      15
      22
      17
      17
      31
      18
      21
      35
      46
      58
      62
     113
     128
     143
     169
     158
     130
     115
      72
      42
      36
      20
      15
      21
      15
      11
      16
      11
       8
      21
      10
      11
       8
       8
      16
       6
       9
      16
      12
       9
       8
      14
       8
       9
      11
       6
      13
      14
       6
       8
       4
       5
      12
       9
      10
      17
       4
       9
      11
      13
      11
      12
       9
      10
      10
       8
       7
       5
      11
       6
       9
       8
       7
      11
       6
       8
      11
      17
       6
      12
      13
       5
       6
       6
      13
      12
       9
       9
      10
      11
       9
      13
      12
      12
      11
      12
      10
       8
      14
      17
      11
      17
      17
      19
      21
      21
      33
      19
      17
      27
      17
      13
       8
      10
      12
      15
       6
      16
      13
       8
      17
      12
      14
      17
      12
       9
       9
      18
       5
      10
       8
      10
       4
       7
       5
       4
      10
       4
       8
       5
       5
       8
       5
       5
       7
       7
       4
       8
       6
       8
       4
       4
       4
       7
       3
       3
       7
      11
       6
       4
      10
       9
      10
      14
       5
       9
      13
       7
      11
       2
       7
       5
       3
       4
       6
       7
       4
       9
       7
       8
      10
       3
       4
       7
       8
       4
       8
       7
       7
       9
      10
       5
       8
       3
      12
       5
       8
       6
       5
       3
       0
       3
       4
       7
       4
       6
       8
       4
       6
       4
       2
       4
       6
       7
      11
       3
       7
       4
       5
       7
       7
       7
       3
       2
       4
       3
       6
       3
       4
       5
       5
      11
      10
       5
       1
       5
       4
       3
       4
       3
       4
       8
       2
       5
       0
       6
       6
       6
       2
       7
       4
       3
       6
       6
       8
       6
       3
       7
       4
      10
       3
       7
       3
       4
       6
       6
       5
       3
       4
       8
       0
       6
       7
       8
       8
      12
      18
      10
      15
      11
       9
      10
      10
       6
       6
       4
       7
       8
       3
       1
       6
       6
       5
       9
       5
       3
      10
       7
       5
       3
       5
       5
      11
       6
       5
       8
       2
       3
       5
       6
       4
      11
       4
       7
       7
       4
       3
       3
       5
       2
       6
       1
       6
       5
       6
       6
       2
       2
       2
       5
       1
       3
       1
       8
       3
       2
       5
       7
       2
       3
       5
       4
       5
       6
       6
       6
       6
       4
       3
       4
       2
       3
       2
       4
       3
       2
       5
       2
       2
       7
      11
       5
       4
       3
       3
       2
       1
       5
       4
       8
       4
       3
       8
       2
       4
       0
       3
       2
       3
       5
       2
       4
       1
       4
       3
       4
       3
       2
       3
       5
       5
       4
       4
       2
       4
       3
       3
       3
       7
       3
       7
       3
       5
       2
       4
       0
       4
       3
       3
       6
       5
       4
       2
       5
       5
       6
       3
       6
       2
       3
       5
       3
       4
       2
       0
       5
       3
       5
       6
       3
       3
       3
       3
       2
       5
       4
       3
       3
       6
       3
       5
       4
       3
       3
       4
       6
       1
       3
       3
       4
       2
       4
       2
       2
       6
       4
       3
       5
       3
       3
       5
       6
       5
       1
       2
       5
       3
       7
       4
       5
       4
       5
       2
       3
       2
       2
       5
       3
       3
       7
       2
       4
       3
       2
       4
       2
       2
       1
       1
       2
       5
       3
       3
       3
       3
       4
       4
       3
       4
       1
       4
       3
       3
       2
       4
       3
       7
       5
       7
       5
       4
       1
       6
       2
       0
       2
       3
       7
       1
       4
       3
       2
       3
       8
      10
       1
       6
       2
       2
       4
       0
       4
       4
       2
       4
       2
       2
       2
       0
       5
       2
       6
       1
       4
       1
       2
       7
       3
       3
       2
       1
       4
       4
       2
       3
       3
       3
       4
       0
       6
       2
       3
       0
       4
       2
       2
       5
       2
       7
       3
       3
       2
       5
       4
       8
       4
       0
       0
       4
       5
       2
       2
       2
       2
       1
       5
       3
       1
       5
       1
       1
       2
       1
       2
       2
       5
       3
       3
       4
       3
       3
       4
       3
       3
       1
       2
       2
       2
       1
       1
       4
       2
       1
       4
       3
       4
       4
       0
       2
       1
       0
       1
       0
       3
       1
       3
       3
       0
       2
       4
       6
       1
       1
       3
       6
       5
       0
       3
       2
       5
       2
       1
       2
       3
       5
       1
       1
       1
       2
       2
       5
       5
       1
       4
       2
       2
       3
       1
       1
       1
       3
       6
       2
       2
       2
       2
       5
       3
       7
       1
       2
       1
       3
       2
       2
       2
       7
       1
       3
       4
       1
       4
       1
       3
       8
       2
       2
       4
       2
       1
       4
       2
       4
       1
       4
       2
       4
       3
       2
       3
       2
       4
       0
       3
       2
       0
       0
       1
       2
       4
       5
       4
       1
       2
       7
       0
       2
       0
       3
       1
       3
       3
       4
       2
       1
       5
       3
       2
       2
       3
       5
       1
       2
       1
       1
       3
       2
       2
       4
       4
       7
       0
       1
       4
       2
       2
       3
       0
       4
       2
       1
       1
       1
       2
       4
       2
       0
       0
       2
       4
       2
       4
       5
       1
       0
       2
       0
       3
       1
       4
       3
       2
       4
       0
       2
       1
       4
       6
       1
       4
       1
       2
       5
       3
       2
       1
       2
       3
       1
       1
       3
       0
       0
       1
       3
       1
       4
       1
       1
       2
       3
       0
       4
       3
       0
       3
       0
       1
       2
       2
       5
       1
       2
       3
       4
       3
       4
       1
       2
       0
       1
       1
       1
       3
       0
       5
       1
       0
       3
       3
       2
       0
       1
       2
       1
       0
       2
       4
       3
       3
       1
       3
       1
       2
       3
       6
       2
       2
       0
       1
       0
       2
       1
       3
       2
       1
       0
       3
       2
       1
       1
       4
       1
       3
       2
       1
       2
       4
       2
       1
       1
       3
       0
       3
       0
       0
       2
       1
       1
       3
       2
       2
       1
       1
       2
       0
       2
       1
       5
       2
       2
       2
       2
       1
       1
       5
       0
       4
       0
       0
       2
       1
       3
       0
       2
       4
       5
       2
       1
       1
       5
       4
       1
       2
       2
       2
       2
       0
       1
       3
       3
       2
       0
       2
       4
       1
       1
       3
       5
       3
       0
       7
       3
       0
       2
       0
       1
       1
       2
       3
       1
       0
       2
       0
       0
       5
       0
       2
       6
       1
       2
       1
       2
       0
       0
       1
       3
       2
       0
       2
       1
       2
       0
       1
       1
       3
       1
       0
       1
       2
       1
       1
       0
       2
       0
       1
       2
       3
       4
       3
       2
       0
       2
       2
       1
       1
       0
       0
       0
       2
       2
       0
       2
       1
       3
       2
       0
       5
       1
       1
       0
       1
       2
       3
       0
       1
       2
       2
       0
       1
       0
       1
       2
       0
       3
       3
       3
       1
       3
       3
       2
       6
       0
       0
       1
       2
       1
       2
       0
       1
       0
       1
       2
       2
       0
       3
       1
       1
       3
       1
       1
       0
       1
       2
       2
       1
       2
       1
       0
       3
       2
       1
       1
       2
       1
       2
       4
       1
       0
       1
       2
       1
       1
       1
       2
       1
       0
       1
       0
       4
       1
       2
       4
       1
       2
       0
       1
       3
       1
       2
       0
       4
       0
       0
       2
       0
       0
       4
       0
       0
       2
       0
       2
       0
       2
       2
       3
       2
       2
       2
       0
       1
       1
       4
       2
       0
       1
       1
       2
       2
       3
       1
       1
       1
       1
       3
       1
       0
       0
       0
       1
       0
       1
       0
       0
       1
       1
       0
       2
       0
       0
       0
       3
       1
       2
       1
       3
       1
       3
       1
       4
       1
       0
       2
       1
       2
       1
       1
       1
       2
       0
       1
       1
       0
       2
       2
       1
       0
       1
       0
       2
       2
       0
       1
       1
       0
       2
       1
       1
       2
       1
       3
       0
       0
       2
       1
       2
       1
       1
       3
       3
       1
       2
       1
       3
       1
       2
       2
       2
       0
       3
       2
       1
       1
       0
       1
       0
       2
       1
       2
       2
       0
       3
       2
       2
       0
       1
       1
       3
       1
       3
       2
       0
       2
       1
       1
       1
       2
       1
       1
       2
       0
       1
       1
       1
       0
       1
       0
       4
       0
       0
       4
       0
       2
       0
       0
       0
       0
       1
       0
       1
       1
       0
       0
       2
       3
       1
       0
       1
       1
       1
       0
       0
       2
       1
       2
       1
       1
       0
       0
       2
       1
       1
       0
       2
       0
       3
       0
       1
       0
       0
       0
       1
       0
       1
       2
       2
       2
       3
       0
       0
       0
       0
       1
       4
       2
       0
       0
       2
       0
       3
       1
       2
       1
       0
       1
       0
       0
       0
       2
       0
       1
       2
       1
       0
       0
       0
       0
       1
       0
       0
       0
       1
       0
       1
       3
       0
       1
       1
       0
       1
       1
       0
       1
       1
       1
       1
       2
       1
       3
       2
       1
       0
       1
       2
       1
       0
       1
       0
       1
       1
       0
       1
       1
       1
       3
       2
       3
       1
       1
       0
       1
       1
       0
       3
       2
       1
       1
       0
       0
       2
       0
       0
       1
       0
       0
       0
       0
       1
       4
       1
       0
       0
       1
       0
       2
       0
       2
       1
       0
       2
       0
       1
       0
       0
       0
       2
       1
       1
       0
       1
       2
       0
       2
       0
       0
       2
       0
       0
       1
       3
       0
       1
       0
       0
       0
       3
       0
       1
       2
       1
       0
       0
       1
       1
       1
       1
       0
       2
       1
       0
       2
       2
       0
       0
       0
       1
       0
       0
       1
       0
       0
       0
       0
       2
       1
       1
       0
       0
       0
       1
       0
       1
       0
       2
       4
       3
       0
       2
       0
       0
       1
       0
       1
       0
       2
       2
       0
       1
       1
       0
       0
       1
       2
       1
       0
       0
       0
       1
       1
       1
       0
       0
       1
       1
       0
       0
       1
       0
       1
       0
       0
       0
       1
       0
       0
       0
       2
       1
       0
       0
       2
       2
       1
       1
       0
       0
       2
       1
       1
       1
       1
       0
       2
       0
       1
       2
       2
       0
       1
       1
       2
       1
       1
       0
       0
       0
       0
       0
       0
       1
       0
       0
       0
       1
       0
       1
       0
       0
       1
       1
       1
       0
       1
       0
       0
       2
       0
       0
       1
       1
       1
       2
       1
       0
       3
       2
       2
       1
       1
       1
       0
       3
       0
       1
       0
       0
       2
       1
       1
       2
       0
       1
       0
       1
       1
       2
       1
       0
       0
       0
       1
       0
       1
       0
       2
       1
       0
       0
       0
       0
       1
       1
       0
       1
       0
       0
       1
       1
       3
       3
       1
       0
       0
       1
       0
       1
       0
       0
       1
       0
       0
       2
       0
       1
       1
       1
       1
       1
       0
       0
       0
       2
       1
       0
       1
       2
       1
       0
       1
       0
       2
       0
       2
       0
       1
       1
       1
       2
       0
       1
       0
       1
       1
       1
       0
       2
       1
       0
       0
       0
       1
       1
       0
       0
       0
       1
       0
       0
       1
       0
       1
       1
       0
       1
       1
       3
       1
       2
       0
       2
       0
       1
       0
       0
       0
       0
       1
       1
       0
       0
       1
       0
       0
       0
       0
       0
       0
       1
       1
       0
       1
       1
       0
       2
       0
       2
       1
       1
       1
       0
       0
       0
       1
       1
       0
       0
       1
       0
       1
       1
       1
       2
       1
       0
       2
       1
       0
       0
       1
       0
       2
       0
       1
       0
       2
       0
       2
       0
       1
       1
       0
       1
       2
       2
       0
       1
       0
       0
       0
       1
       1
       1
       1
       0
       0
       1
       1
       1
       0
       0
       0
       1
       1
       0
       1
       0
       1
       0
       1
       0
       0
       0
       1
       0
       2
       0
       0
       0
       1
       1
       1
       0
       0
       1
       0
       0
       0
       0
       0
       2
       0
       0
       1
       0
       1
       1
       0
       0
       0
       1
       0
       0
       2
       0
       0
       1
       1
       1
       0
       0
       0
       1
       0
       1
       0
       0
       0
       0
       0
       0
       0
       0
       0
       0
       0
       0
       0
       1
       0
       0
       0
       0
       0
       0
       1
       0
       0
       2
       1
       0
       1
       1
       1
       0
       0
       2
       0
       0
       0
       3
       0
       0
       1
       2
       0
       0
       0
       0
       2
       0
       1
       0
       1
       0
       1
       0
       0
       0
       0
       1
       0
       3
       0
       2
       1
       0
       1
       1
       1
       0
       1
       0
       1
       3
       0
       0
       0
       0
       0
       1
       0
       1
       0
       0
       1
       0
       1
       0
       0
       1
       1
       0
       0
       0
       0
       0
       0
       1
       0
       0
       0
       0
       1
       1
       0
       0
       0
       1
       0
       1
       0
       0
       0
       0
       0
       0
       0
       0
       0
       0
       0
       1
       0
       0
       0
       1
       1
       1
       0
       1
       0
       2
       1
       0
       1
       0
       2
       0
       0
       0
       0
       0
       0
       1
       1
       0
       0
       0
       0
       1
       0
       1
       1
       1
       0
       0
       0
       1
       0
       0
       0
       0
       0
       0
       0
       0
       0
       0
       0
       0
       1
       1
       1
       0
       0
       0
       1
       0
       1
       0
       2
       1
       0
       1
       0
       1
       0
       0
       0
       0
       0
       0
       0
       1
       0
       0
       0
       0
       0
       1
       0
       0
       0
       0
       1
       0
       0
       1
       0
       0
       0
       0
       0
       0
       0
       0
       0
       1
       0
       0
       0
       0
       1
       2
       0
       1
       0
       1
       1
       1
       1
       0
       0
       0
       1
       0
       0
       0
       0
       1
       0
       0
       0
       1
       0
       0
       1
       0
       1
       0
       0
       0
       1
       0
       1
       0
       1
       0
       0
       1
       1
       0
       1
       1
       0
       1
       0
       0
       0
       0
       0
       0
       0
       0
       0
       0
       0
       1
       0
       0
       1
       0
       0
       0
       0
       0
       0
       0
       0
       1
       0
       1
       0
       0
       0
       0
       0
       0
       0
       0
       0
       0
       0
       0
       0
       1
       0
       0
       0
       0
       0
       0
       0
       1
       0
       0
       0
       0
       0
       0
       2
       1
       0
       0
       0
       0
       0
       0
       0
       0
       1
       0
       0
       2
       1
       0
       0
       0
       0
       0
       0
       0
       0
       1
       0
       0
       0
       0
       0
       0
       0
       0
       0
       0
       0
       0
       0
       0
       0
       1
       0
       0
       0
       0
       0
       1
       0
       1
       0
       1
       0
       0
       2
       0
       0
       1
       0
       0
       1
       1
       0
       1
       0
       0
       0
       0
       0
       0
       0
       1
       0
       0
       0
       1
       0
       0
       0
       0
       0
       0
       0
       0
       0
       0
       2
       0
       0
       0
       0
       0
       0
       0
       0
       0
       0
       1
       1
       0
       0
       0
       1
       0
       1
       0
       0
       0
       0
       0
       0
       0
       0
       0
       1
       0
       0
       1
       0
       0
       0
       0
       0
       0
       0
       0
       0
       0
       1
       1
       0
       0
       0
       1
       0
       0
       0
       1
       1
       0
       0
       0
       0
       1
       0
       0
       0
       0
       0
       0
       2
       1
       1
       0
       0
       0
       0
       1
       0
       0
       0
       0
       0
       1
       0
       0
       0
       0
       0
       0
       0
       0
       0
       0
       1
       0
       1
       0
       1
       0
       0
       0
       0
       0
       1
       0
       1
       0
       0
       0
       0
       0
       0
       0
       0
       0
       0
       0
       0
       0
       0
       0
       1
       0
       0
       0
       0
       1
       0
       0
       1
       0
       0
       1
       0
       0
       0
       1
       0
       0
       0
       0
       0
       0
       0
       0
       1
       0
       0
       0
       0
       0
       0
       1
       0
       0
       0
       1
       0
       0
       0
       0
       0
       0
       0
       0
       0
       0
       1
       0
       0
       0
       0
       0
       0
       0
       0
       0
       0
       1
       0
       0
       0
       0
       0
       0
       0
       0
       0
       0
       0
       0
       0
       1
       0
       0
       0
       1
       0
       0
       0
       0
       0
       0
       0
       1
       1
       0
       0
       0
       0
       0
       0
       1
       0
       0
       0
       0
       0
       1
       0
       0
       0
       0
       1
       0
       1
       0
       0
       0
       0
       0
       0
       0
       0
       0
       0
       0
       0
       1
       0
       0
       0
       0
       0
       0
       0
       0
       0
       0
       0
       0
       0
       0
       0
       1
       0
       0
       0
       0
       0
       0
       0
       0
       0
       1
       0
       0
       0
       0
       0
       0
       0
       0
       0
       0
       0
       1
       0
       0
       0
       0
       0
       0
       0
       0
       0
       0
       0
       0
       0
       0
       0
       0
       1
       0
       0
       0
       0
       0
       0
       0
       0
       0
       0
       0
       0
       0
       0
       0
       0
       1
       0
       1
       0
       1
       0
       0
       0
       0
       0
       0
       0
       0
       0
       0
       0
       1
       0
       0
       0
       0
       1
       0
       0
       0
       0
       1
       0
       0
       0
       0
       0
       0
       0
       1
       0
       2
       0
       0
       0
       0
       1
       0
       0
       0
       0
       0
       0
       0
       0
       0
       0
       0
       0
       0
       0
       1
       0
       0
       0
       0
       0
       0
       0
       0
       0
       0
       0
       0
       0
       0
       0
       0
       0
       0
       0
       0
       0
       0
       0
       0
       0
       0
       0
       0
       1
       1
       0
       0
       0
       0
       0
       0
       0
       0
       0
       0
       1
       0
       0
       0
       1
       0
       0
       0
       0
       0
       0
       0
       0
       0
       0
       0
       0
       0
       0
       0
       0
       0
       0
       0
       0
       0
       0
       0
       0
       0
       0
       0
       0
       0
       0
       0
       0
       0
       1
       1
       0
       0
       0
       0
       0
       0
       0
       0
       0
       0
       0
       0
       0
       0
       0
       0
       0
       0
       0
       0
       0
       0
       0
       0
       0
       1
       0
       0
       0
       0
       0
       0
       0
       0
       0
       0
       0
       0
       0
       0
       0
       1
       0
       0
       0
       0
       0
       0
       0
       0
       0
       0
       0
       0
       0
       0
       0
       0
       0
       0
       0
       0
       0
       0
       0
       0
       0
       1
       0
       0
       0
       1
       0
       0
       0
       0
       0
       0
       0
       0
       0
       0
       0
       0
       0
       0
       0
       0
       0
       0
       0
       0
       0
       0
       0
       0
       0
       0
       0
       0
       0
       0
       0
       1
       0
       0
       0
       0
       0
       0
       0
       0
       0
       0
       0
       0
       0
       0
       0
       0
       0
       0
       0
       0
       0
       0
       0
       0
       0
       0
       0
       0
       0
       0
       0
       0
       0
       0
       0
       0
       0
       0
       0
       0
       0
       0
       0
       0
       0
       0
       0
       0
       0
       0
       0
       0
       0
       0
       0
       0
       0
       0
       0
       0
       1
       0
       0
       0
       1
       0
       0
       0
       0
       0
       0
       0
       0
       0
       0
       0
       0
       0
       0
       0
       0
       0
       0
       1
       0
       0
       0
       0
       0
       0
       1
       0
       0
       0
       0
       0
       0
       1
       0
       0
       0
       0
       0
       0
       0
       0
       0
       1
       0
       0
       0
       0
       0
       0
       0
       0
       0
       0
       0
       0
       0
       0
       0
       0
       0
       0
       0
       0
       0
       0
       0
       0
       0
       0
       0
       0
       0
       0
       0
       1
       0
       0
       0
       0
       0
       0
       0
       0
       0
       0
       0
       0
       0
       0
       0
       0
       0
       0
       0
       0
       0
       0
       0
       0
       0
       0
       0
       0
       0
       0
       0
       0
       0
       0
       0
       0
       0
       0
       0
       0
       0
       0
       1
       0
       0
       0
       0
       0
       0
       0
       0
       0
       0
       0
       0
       0
       0
       0
       0
       0
       0
       0
       0
       0
       0
       0
       1
       0
       0
       0
       0
       0
       0
       0
       0
       0
       0
       0
       0
       0
       0
       0
       0
       0
       1
       0
       0
       0
       0
       0
       0
       0
       0
       0
       0
       0
       0
       0
       0
       0
       0
       0
       0
       0
       0
       0
       0
       0
       0
       0
       0
       0
       0
       0
       0
       0
       0
       0
       0
       0
       0
       0
       0
       0
       1
       0
       0
       0
       0
       0
       0
       0
       0
       0
       0
       0
       0
       0
       0
       0
       0
       0
       0
       0
       0
       0
       0
       0
       0
       0
       0
       0
       0
       0
       0
       0
       0
       0
       0
       0
       0
       0
       0
       0
       0
       0
       0
       0
       0
       0
       0
       0
       0
       0
       0
       0
       0
       0
       0
       0
       0
       0
       0
       0
       0
       0
       0
       0
       0
       0
       0
       0
       0
       0
       0
       0
       0
       0
       0
       0
       0
       0
       0
       0
       0
       0
       0
       0
       0
       0
       0
       0
       0
       0
       0
       0
       0
       0
       0
       0
       0
       0
       0
       0
       0
       0
       0
       0
       0
       0
       0
       0
       0
       0
       0
       0
       0
       0
       0
       0
       0
       0
       0
       0
       0
       0
       0
       0
       0
       0
       0
       0
       0
       0
       0
       0
       0
       0
       0
       0
       0
       0
       0
       0
       0
       0
       0
       0
       0
       0
       0
       0
       0
       0
       0
       1
       0
       0
       0
       0
       0
       0
       0
       0
       0
       0
       0
       0
       0
       0
       0
       0
       0
       0
       0
       0
       0
       0
       0
       0
       0
       0
       0
       1
       0
       0
       0
       0
       0
       0
       0
       0
       0
       0
       0
       0
       0
       0
       0
       0
       0
       0
       0
       0
       0
       0
       0
       0
       1
       0
       0
       0
       0
       0
       0
       0
       0
       0
       0
       0
       0
       0
       0
       0
       0
       0
       0
       0
       0
       0
       0
       0
       0
       0
       0
       0
       0
       0
       0
       0
       0
       0
       0
       0
       0
       0
       0
       0
       0
       0
       0
       0
       0
       1
       0
       0
       0
       0
       0
       0
       0
       0
       0
       0
       0
       0
       0
       0
       0
       0
       0
       0
       0
       0
       0
       0
       0
       0
       0
       0
       0
       0
       0
       0
       0
       0
       0
       0
       0
       0
       0
       0
       0
       0
       0
       0
       0
       0
       0
       0
       0
       0
       0
       0
       0
       0
       0
       0
       0
       0
       0
       0
       0
       0
       0
       0
       0
       0
       0
       0
       0
       0
       0
       0
       0
       0
       0
       0
       0
       0
       0
       0
       0
       0
       0
       0
       0
       0
       1
       0
       0
       0
       0
       0
       0
       0
       0
       0
       1
       0
       0
       0
       1
       0
       0
       0
       0
       0
       0
       0
       0
       0
       0
       0
       0
       0
       0
       0
       0
       0
       0
       0
       0
       0
       0
       0
       0
       0
       0
       0
       0
       0
       0
       0
       0
       0
       0
       0
       0
       0
       0
       0
       0
       0
       0
       0
       0
       0
       0
       0
       0
       0
       0
       0
       0
       0
       0
       0
       0
       0
       0
       0
       0
       0
       0
       0
       0
       0
       0
       0
       0
       0
       0
       0
       0
       0
       0
       0
       0
       0
       0
       0
       0
       0
       0
       0
       0
       0
       0
       0
       0
       0
       0
       0
       0
       0
       0
       0
       0
       0
       0
       0
       0
       0
       0
       0
       0
       0
       0
       0
       0
       0
       0
       0
       0
       0
       0
       0
       0
       0
       0
       0
       0
       0
       0
       0
       0
       0
       0
       0
       0
       0
       0
       0
       0
       0
       0
       0
       0
       0
       0
       0
       0
       0
       0
       0
       0
       0
       0
       0
       0
       0
       0
       0
       0
       0
       0
       0
       0
       0
       0
       0
       0
       0
       0
       0
       0
       0
       0
       0
       0
       0
       0
       0
       0
       0
       0
       0
       0
       0
       0
       0
       0
       0
       0
       0
       0
       0
       0
       0
       0
       0
       0
       0
       0
       0
       0
       0
       0
       0
       1
       0
       0
       0
       0
       0
       0
       0
       0
       0
       0
       0
       0
       0
       0
       0
       0
       0
       0
       0
       0
       0
       0
       0
       0
       0
       0
       0
       0
       0
       0
       0
       1
       0
       0
       0
       0
       0
       0
       0
       0
       0
       0
       0
       0
       0
       0
       0
       0
       0
       0
       0
       0
       0
       0
       0
       0
       0
       0
       0
       0
       0
       0
       0
       0
       0
       0
       0
       0
       0
       0
       0
       0
       0
       0
       0
       0
       0
       0
       0
       0
       0
       0
       0
       0
       0
       0
       0
       0
       0
       1
       0
       0
       0
       0
       0
       0
       0
       0
       0
       0
       0
       0
       0
       0
       0
       0
       0
       0
       0
       0
       0
       0
       0
       0
       0
       0
       0
       0
       0
       0
       0
       0
       0
       0
       0
       0
       0
       0
       0
       0
       0
       0
       0
       0
       0
       0
       0
       0
       0
       0
       0
       0
       0
       0
       0
       0
       0
       0
       0
       0
       0
       0
       0
       0
       0
       0
       0
       0
       0
       0
       0
       0
       0
       0
       0
       0
       0
       0
       0
       0
       0
       0
       0
       0
       0
       0
       0
       0
       0
       0
       0
       0
       0
       0
       0
       0
       0
       0
       0
       0
       0
       0
       0
       0
       0
       0
       0
       0
       0
       0
       0
       0
       0
       0
       0
       0
       0
       0
       0
       0
       0
       0
       0
       0
       0
       0
       0
       0
       0
       0
       0
       0
       0
       0
       0
       0
       0
       0
       0
       0
       0
       0
       0
       0
       0
       0
       0
       0
       0
       0
       0
       0
       0
       0
       0
       0
       0
       0
       0
       0
       0
       0
       0
       0
       0
       0
       0
       0
       0
       0
       0
       0
       0
       1
       0
       0
       0
       0
       0
       0
       0
       0
       0
       0
       0
       0
       0
       0
       0
       0
       0
       0
       0
       0
       0
       0
       0
       0
       0
       0
       0
       0
       0
       0
       0
       0
       0
       0
       0
       0
       0
       0
       0
       0
       0
       0
       0
       0
       0
       0
       0
       0
       0
       0
       0
       0
       0
       0
       1
       0
       0
       0
       0
       0
       0
       0
       0
       0
       0
       0
       0
       0
       0
       0
       0
       0
       0
       0
       0
       0
       0
       0
       0
       0
       0
       0
       0
       0
       0
       0
       0
       0
       0
       0
       0
       0
       0
       0
       0
       0
       0
       0
       0
       0
       0
       0
       0
       0
       0
       0
       0
       0
       0
       0
       0
       0
       0
       0
       0
       0
       0
       0
       0
       0
       0
       0
       0
       0
       0
       0
       0
       0
       0
       0
       0
       0
       0
       0
       0
       0
       0
       0
       0
       0
       0
       0
       0
       0
       0
       0
       0
       0
       0
       0
       0
       0
       0
       0
       0
       0
       0
       0
       0
       0
       0
       0
       0
       0
       0
       0
       0
       0
       0
       0
       0
       0
       0
       0
       0
       0
       0
       0
       0
       0
       0
       0
       0
       0
       0
       0
       0
       0
       0
       0
       0
       0
       0
       0
       0
       0
       0
       0
       0
       0
       0
       0
       0
       0
       0
       0
       0
       0
       0
       0
       0
       0
       0
       0
       0
       0
       0
       0
       0
       0
       0
       0
       0
       0
       0
       0
       0
       0
       0
       0
       0
       0
       0
       0
       0
       0
       0
       0
       0
       0
       0
       0
       0
       0
       0
       0
       0
       0
       0
       0
       0
       0
       0
       0
       0
       0
       0
       0
       0
       0
       0
       0
       0
       0
       0
       0
       0
       0
       0
       0
       0
       0
       0
       0
       0
       0
       0
       0
       0
       0
       0
       0
       0
       0
       0
       0
       0
       0
       0
       0
       0
       0
       0
       0
       0
       0
       0
       0
       0
       0
       0
       0
       0
       0
       0
       0
       0
       0
       0
       0
       0
       0
       0
       0
       0
       0
       0
       0
       0
       0
       0
       0
       0
       0
       0
       0
       0
       0
       0
       0
       0
       0
       0
       0
       0
       0
       0
       0
       0
       0
       0
       0
       0
       0
       0
       0
       0
       0
       0
       0
       0
       0
       0
       0
       0
       0
       0
       0
       0
       0
       0
       0
       0
       0
       0
       0
       0
       0
       0
       0
       0
       0
       0
       0
       0
       0
       0
       0
       0
       0
       0
       0
       0
       0
       0
       0
       0
       0
       0
       0
       0
       0
       0
       0
       0
       0
       0
       0
       0
       0
       0
       0
       0
       0
       0
       0
       0
       0
       0
       0
       0
       0
       0
       0
       0
       0
       0
       0
       0
       0
       0
       0
       0
       0
       0
       0
       0
       0
       0
       0
       0
       0
       0
       0
       0
       0
       0
       0
       0
       0
       0
       0
       0
       0
       0
       0
       0
       0
       0
       0
       0
       0
       0
       0
       0
       0
       0
       0
       0
       0
       0
       0
       0
       0
       0
       0
       0
       0
       0
       0
       0
       0
       0
       0
       0
       0
       0
       0
       0
       0
       0
       0
       0
       0
       0
       0
       0
       0
       0
       0
       0
       0
       0
       0
       0
       0
       0
       0
       0
       0
       0
       0
       0
       0
       0
       0
       0
       0
       0
       0
       0
       0
       0
       0
       0
       0
       0
       0
       0
       0
       0
       0
       0
       0
       0
       0
       0
       0
       0
       0
       0
       0
       0
       0
       0
       0
       0
       0
       0
       0
       0
       0
       0
       0
       0
       0
       0
       0
       0
       0
       0
       0
       0
       0
       0
       0
       0
       0
       0
       0
       0
       0
       0
       0
       0
       0
       0
       0
       0
       0
       0
       0
       0
       0
       0
       0
       0
       0
       0
       0
       0
       0
       0
       0
       0
       0
       0
       0
       0
       0
       0
       0
       0
       0
       0
       0
       0
       0
       0
       0
       0
       0
       0
       0
       0
       0
       0
       0
       0
       0
       0
       0
       0
       0
       0
       0
       0
       0
       0
       0
       0
       0
       0
       0
       0
       0
       0
       0
       0
       0
       0
       0
       0
       0
       0
       0
       0
       0
       0
       0
       0
       0
       0
       0
       0
       0
       0
       0
       0
       0
       0
       0
       0
       0
       0
       0
       0
       0
       0
       0
       0
       0
       0
       0
       0
       0
       0
       0
       0
       0
       0
       0
       0
       0
       0
       0
       0
       0
       0
       0
       0
       0
       0
       0
       0
       0
       0
       0
       0
       0
       0
       0
       0
       0
       0
       0
       0
       0
       0
       0
       0
       0
       0
       0
       0
       0
       0
       0
       0
       0
       0
       0
       0
       0
       0
       0
       0
       0
       0
       0
       0
       0
       0
       0
       0
       0
       0
       0
       0
       0
       0
       0
       0
       0
       0
       0
       0
       0
       0
       0
       0
       0
       0
       0
       0
       0
       0
       0
       0
       0
       0
       0
       0
       0
       0
       0
       0
       0
       0
       0
       0
       0
       0
       0
       0
       0
       0
       0
       0
       0
       0
       0
       0
       0
       0
       0
       0
       0
       0
       0
       0
       0
       0
       0
       0
       0
       0
       0
       0
       0
       0
       0
       0
       0
       0
       0
       0
       0
       0
       0
       0
       0
       0
       0
       0
       0
       0
       0
       0
       0
       0
       0
       0
       0
       0
       0
       0
       0
       0
       0
       0
       0
       0
       0
       0
       0
       0
$ROI:
0
$PRESETS:
Live Time
3600
0
$ENER_FIT:
8.931054 0.240803
$MCA_CAL:
3
8.931054E+000 2.408025E-001 6.157388E-008 keV
$SHAPE_CAL:
3
9.658150E+000 -1.618950E-003 2.758845E-007
