$SPEC_ID:
No sample description was entered.
$SPEC_REM:
DET# 1
DETDESC# EPS-140909 Easy-MCA-8k SN 16175454
AP# Maestro Version 7.01
$DATE_MEA:
03/07/2022 10:45:05
$MEAS_TIM:
1063 1102
$DATA:
0 8191
       0
       0
       0
       0
       0
       0
       0
       0
       0
       0
       0
       0
       0
       0
       0
       0
       0
       0
       0
       0
       0
       0
       0
       0
       0
       0
       0
       0
       0
       0
       0
       0
       0
       0
       0
       0
       0
       0
       0
      22
     748
   10876
  335322
  298261
   66164
   33590
   36634
   51174
   65484
   69472
   59018
   40950
   24457
   13449
    7940
    6517
    6826
    8166
   11080
   18013
   29614
   40962
   42489
   31813
   17868
    7832
    3554
    2318
    2110
    2085
    2329
    2335
    2494
    2562
    2739
    3064
    3531
    3991
    4376
    3774
    3381
    2812
    2525
    2523
    2554
    2411
    2598
    2663
    2920
    3136
    3376
    3643
    3739
    4062
    4407
    4598
    5073
    5475
    6073
    7029
    7740
    8600
    9353
    9218
    9238
    9453
    9778
   10256
   10836
   11987
   13891
   16647
   21173
   26788
   33231
   39113
   43100
   46274
   46723
   47087
   45941
   44168
   41274
   38052
   34122
   30658
   27805
   25193
   23529
   21534
   20226
   19187
   18283
   18150
   21047
   38241
   98437
  243839
  465615
  646084
  639957
  452305
  225228
   80834
   21741
    5474
    2472
    2085
    2035
    2061
    1869
    1830
    1703
    1784
    1760
    1769
    1747
    1696
    1646
    1647
    1580
    1615
    1577
    1522
    1750
    1655
    1685
    1778
    1882
    1955
    2072
    2349
    2183
    2027
    1820
    1851
    1750
    1843
    1869
    1932
    1815
    1706
    1382
    1104
     921
     836
     806
     886
     805
     835
     704
     617
     619
     563
     577
     619
     647
     661
     703
     754
     682
     610
     617
     594
     534
     564
     509
     500
     516
     470
     461
     521
     484
     519
     500
     511
     488
     521
     471
     527
     525
     502
     479
     498
     494
     505
     538
     547
     552
     644
     778
     825
     820
     817
     682
     630
     619
     566
     662
     698
     827
     895
     830
     706
     627
     561
     553
     552
     581
     590
     599
     558
     601
     600
     607
     657
     623
     609
     615
     600
     568
     589
     585
     560
     563
     574
     538
     576
     574
     592
     545
     562
     606
     638
     684
     724
     862
     923
     899
     749
     540
     330
     236
     174
     174
     196
     182
     169
     177
     203
     173
     215
     211
     220
     214
     174
     176
     170
     167
     146
     150
     156
     162
     162
     133
     160
     159
     157
     140
     134
     155
     135
     137
     132
     142
     163
     123
     140
     132
     150
     133
     150
     158
     118
     119
     137
     120
     130
     157
     133
     140
     145
     144
     124
     148
     130
     104
     115
     130
     126
     131
     114
     136
     125
     128
     126
      96
     131
     115
     113
     124
     127
     128
     127
     119
     112
     116
     127
     124
     104
      91
     132
     116
     130
     111
     133
     105
     109
     100
     117
      99
      94
     112
     101
     105
      98
      86
     118
     109
     116
     104
     102
      95
      95
      97
      98
      83
      91
      87
     108
     120
     106
     111
      94
      87
     102
      79
     106
      87
     106
      92
      82
      81
      97
      83
      96
     102
      94
      88
      81
      97
      93
      94
      96
      88
      81
      86
      89
      86
     109
     106
      81
      78
      83
      99
      74
      67
      81
      92
      79
      65
      86
      84
      99
      99
      77
      82
      90
      88
      84
      56
      71
      90
      75
      76
      82
      81
      90
      68
      71
      77
      95
      62
      79
      78
      70
      77
      83
      69
      72
      75
      65
      63
      67
      65
      73
      73
      68
      66
      75
      82
      60
      60
      66
      65
      55
      69
      56
      73
      67
      70
      63
      55
      80
      68
      62
      69
      85
      76
      84
      64
      60
      53
      50
      64
      60
      55
      58
      61
      66
      62
      71
      59
      69
      56
      64
      60
      66
      62
      60
      51
      59
      64
      50
      55
      50
      55
      59
      56
      56
      54
      44
      50
      62
      61
      76
      47
      59
      52
      53
      47
      51
      56
      44
      52
      54
      43
      48
      55
      54
      50
      63
      57
      44
      42
      50
      44
      46
      43
      45
      31
      56
      45
      48
      51
      72
      93
      91
      89
     106
      65
      58
      58
      52
      43
      61
      73
      37
      30
      33
      46
      33
      46
      42
      46
      44
      43
      38
      39
      40
      37
      50
      32
      41
      40
      32
      38
      36
      32
      45
      40
      36
      37
      30
      42
      40
      46
      36
      39
      42
      47
      41
      30
      32
      45
      43
      53
      35
      48
      46
      24
      26
      31
      36
      34
      32
      39
      34
      32
      49
      36
      35
      37
      32
      33
      39
      46
      36
      39
      46
      35
      29
      37
      37
      31
      25
      28
      28
      37
      35
      36
      32
      24
      27
      35
      30
      27
      28
      31
      23
      37
      32
      26
      34
      34
      28
      22
      29
      30
      31
      28
      34
      23
      29
      27
      35
      26
      28
      19
      38
      21
      28
      34
      25
      40
      23
      31
      25
      19
      29
      32
      26
      27
      26
      34
      31
      24
      39
      36
      42
      49
      45
      41
      33
      20
      34
      23
      31
      27
      26
      27
      19
      24
      26
      21
      23
      31
      23
      38
      17
      33
      45
      23
      26
      31
      19
      19
      20
      30
      24
      16
      24
      20
      25
      19
      21
      20
      25
      19
      24
      33
      27
      25
      24
      29
      20
      22
      24
      23
      17
      25
      22
      24
      26
      14
      29
      18
      17
      36
      20
      26
      28
      27
      27
      27
      16
      23
      28
      19
      27
      24
      23
      23
      28
      17
      26
      21
      30
      16
      26
      18
      26
      22
      14
      22
      19
      26
      22
      14
      19
      23
      27
      24
      29
      25
      23
      14
      24
      21
      30
      37
      36
      18
      20
      17
      23
      25
      28
      20
      21
      19
      19
      15
      16
      23
      23
      23
      17
      24
      16
      18
      25
      20
      19
      16
      13
      17
      16
      23
      15
      26
      37
      67
      44
      24
      31
      12
      12
      31
      25
      15
      24
      16
      18
      20
      14
      16
      17
      17
      16
      16
      21
      10
      16
      17
      20
      20
      16
      18
      14
      20
      13
       9
      12
      18
      15
      18
      14
      17
      10
      10
      25
      14
      24
      21
      12
      17
      11
      22
      17
      24
      20
      19
      13
      17
      16
      25
      17
      12
      16
      19
      16
      14
      18
      18
      18
      24
      15
      12
       9
      11
      17
      24
      18
      18
      17
      17
      10
      18
      18
      18
      12
      17
      11
      15
      19
      10
      19
      14
      20
      16
      10
      23
      13
      11
      10
      18
      17
      11
      15
      15
      13
      18
      16
      11
      10
      11
      12
      16
      11
      11
      18
      14
       8
      16
      15
      13
      12
      14
      21
       9
      21
      12
      14
      16
      20
      11
      10
      11
      11
      10
      15
      10
      17
      16
      20
      18
      16
      12
      14
      13
      16
      10
      14
      14
       9
      22
      12
      10
       8
      12
      12
      15
      14
      11
      14
      15
      13
       9
      10
       8
      16
      16
      11
      12
      11
      17
      10
       9
       7
      20
       6
      14
      14
      14
       8
      10
      15
       8
      11
      18
      10
      16
      12
       7
      14
      10
      12
       8
       9
       9
      11
      14
      10
       9
       7
      12
      19
       9
       8
      12
       8
      21
      15
      20
       6
      11
      17
      12
      13
      10
      13
      10
      10
      11
      10
      15
       7
       9
      14
      14
       7
      16
      11
       8
       8
      13
      14
      12
       6
      16
       4
       8
       9
      11
       8
      15
      10
       7
      17
      13
      11
      13
      11
       6
      12
      13
      10
       9
       8
       5
       8
       9
      12
       8
      15
      12
       5
       9
      14
      14
      17
      11
      20
       8
      14
       7
      13
      13
       9
      13
      13
       8
       6
       9
      12
       9
       9
       8
      12
      13
       8
      11
       9
      10
      10
      11
      10
      11
      14
       7
      13
       8
      11
       9
       9
       5
       7
      12
      11
      15
      11
       5
      13
       8
      12
       7
      13
      10
      10
       6
      12
      18
       7
      13
       7
      11
      12
       7
      13
      12
      12
       8
      13
      12
      12
      14
       9
       6
       7
      13
       6
      12
       5
       6
      10
      11
      13
       8
      11
      12
      11
       3
      12
       9
      16
       5
       6
       4
       4
       8
      11
       8
       7
       6
      13
       6
       3
      10
       9
       9
       8
       7
      11
      11
       5
       5
       9
      20
      13
       7
      18
      26
      21
      31
      18
      19
      17
      14
      11
       6
       2
       6
      10
       9
       8
       8
       6
      15
       9
       7
      10
      13
      13
      11
       8
       8
      12
       8
      10
      11
       8
      12
       8
       4
      19
       7
       5
       3
       9
      12
       9
      12
       4
      10
       8
      13
      10
      11
       9
       7
      11
       8
       9
       9
      11
       6
       8
       9
       8
       7
      10
       8
       5
       6
       7
      15
      11
       7
      11
       5
       4
      11
       8
      14
       4
       5
       8
       6
       9
       6
       9
      10
      10
       8
       7
       9
      12
       4
       4
      12
       5
       6
       4
       9
       1
      13
      15
       8
       7
       9
       6
      10
      10
       6
       7
       4
       6
       9
      10
       6
       5
      12
       6
      12
       8
      11
       9
       7
      14
      12
       8
      12
       6
       9
      10
       7
       8
      12
       9
       9
       5
       9
       9
       6
       9
      13
       9
       6
      10
      10
       5
       3
      13
       3
      10
       3
       6
       8
      17
       9
       5
      14
       3
       5
       9
       7
       6
       7
       8
      10
       9
       9
       6
       5
       9
       8
      10
      15
       8
      34
      13
      24
      22
      21
      15
       7
       7
       6
       7
      10
       7
       8
       8
       7
       4
       5
       5
       4
      12
      14
       7
       5
       7
       4
       8
       6
       5
       9
       8
      10
       7
       7
      10
       8
       9
       7
       9
      10
       5
       9
       5
       5
       4
       9
       6
       4
       6
      11
      11
       7
      10
      13
       5
       6
      10
       6
       5
       7
      13
      12
      23
      31
      44
      36
      22
      19
       8
       5
       8
       9
       7
       8
       5
       8
       6
       4
       8
       5
       9
       6
       5
      15
       7
       3
       8
       5
       8
       5
       3
      10
       7
       9
       4
       7
       4
       7
       7
       7
       7
       1
       4
       7
       5
       3
       6
       8
       9
       5
      14
       9
       5
      10
       6
       5
       4
       6
       3
       2
       5
       9
       7
       6
       8
       6
       6
      11
       6
       8
       8
       4
      15
       5
       8
       8
       8
       5
       3
       5
       5
       4
       6
       8
       9
       5
       6
       4
       7
      11
       8
       5
       4
       4
       5
      10
       7
       7
       4
       7
       6
       6
       8
      10
       1
       2
      10
       8
      10
       7
       9
       3
       5
       6
       9
       3
       4
      13
       5
       4
      10
       6
      12
       6
       7
       7
       6
      13
      13
       9
       7
       2
       8
       5
       8
       9
       5
       5
       4
       5
       7
       5
       3
       5
       8
       7
       7
       7
       6
       8
       8
       7
       6
       4
       5
       8
       5
       5
       7
       9
       7
       4
       5
       5
       6
       7
       7
       7
       7
       5
       5
       9
      10
       1
       2
      14
       4
       7
       5
       8
       8
       6
       5
       4
       9
       3
       4
       5
       2
       8
       4
       5
       5
       7
       2
       6
       7
       3
       4
       8
       5
       3
       3
       3
      11
       3
      14
       5
      11
       6
       6
       4
       7
       1
       9
       7
       6
       4
       4
       8
       6
       7
       6
       5
       7
       7
       7
       5
       8
       8
       2
       6
       8
       8
      12
       5
       5
       5
      10
      10
       4
       7
      11
       3
       2
      10
       3
       3
       3
       5
       4
       9
       6
       6
      10
       4
       9
       5
       9
       1
       7
       7
       3
       5
       5
       9
       7
       5
       6
       4
       5
       4
       4
       8
       6
      10
      13
      11
      11
       7
       5
       7
       2
       7
       4
       5
       7
       5
       6
       3
       4
       9
       3
       6
       7
      13
      10
       6
       6
       7
       3
       5
       4
       6
       5
       5
       7
       7
       7
       6
       4
       5
       9
       7
       5
       5
       6
       3
       4
       7
       2
       3
       7
       0
       4
       7
       4
       4
       4
       7
       2
       2
       3
       4
       4
       5
       4
       5
       2
       5
       3
       8
       6
       8
       8
       8
       4
       3
       2
       7
       6
       5
       4
       5
       2
       3
       3
       5
       5
       4
       8
       8
       3
       4
       4
       8
       3
       9
       7
       6
       5
       6
       5
       3
       8
       4
       4
       7
       5
       7
       6
       8
       5
       5
       7
       7
       8
      11
       4
       3
       3
       5
       6
       6
       2
       2
       4
       3
       5
       2
      10
       6
       6
       5
       2
       1
       4
       5
       8
       7
       4
      10
       4
       2
       4
       5
       6
       2
       4
       3
       5
       2
       1
       3
       5
       4
       6
       5
       2
       8
       8
       3
       5
       6
       2
       4
       7
       9
       3
      11
       4
       4
       4
       2
       6
       1
       6
       2
       5
       1
       4
       3
       4
       5
       4
       5
       3
       3
       6
       3
       5
       8
       2
       2
       5
       7
       8
       5
       2
       8
       7
       6
       3
       5
       2
       5
       7
       4
       6
       3
       2
       6
       5
       6
       6
       1
       5
       6
       1
       4
       5
       5
       4
       4
       4
       5
       5
       8
       5
       3
       6
       4
       9
       7
       4
       2
       6
       5
       5
       2
       9
       1
       4
       6
       2
       5
       4
       3
       6
       6
       9
       6
       6
       4
       4
       3
       1
       5
       7
       2
       4
       7
       8
       3
       7
       4
       2
       3
       9
       3
       5
       7
       4
       5
       4
       5
       6
       5
       4
       6
       4
       5
       4
       5
       6
       6
       4
       6
       3
       4
       7
       5
       4
       3
       2
       5
       8
       3
       3
       2
       2
       4
       9
       1
       6
       3
       4
       3
       3
       5
       5
       5
       6
       8
       6
       9
       1
       1
       6
       3
       6
       9
       3
       2
       9
       4
       1
       3
       8
       6
       2
       6
       0
       1
       4
       1
       2
       5
       5
       4
       7
       5
       2
       4
       3
       1
       3
       5
       7
       5
       5
       3
       4
       3
       3
       8
       3
       4
       3
       6
       3
       8
       4
       7
       3
       7
       5
       0
       2
       3
       6
       2
       0
       0
       4
       4
       5
       3
       3
       3
       3
       2
       4
       7
       3
       3
       3
       3
       1
       6
       3
       4
       4
       7
       6
       4
       4
       0
       7
       3
       6
       5
       4
       4
       5
       1
       5
       5
       4
       5
       3
       5
       3
       4
      10
       3
       4
       4
       6
       2
       4
       8
       8
       8
       3
       8
       5
       1
       5
       5
       5
       6
       9
       7
       4
       9
       9
      16
      24
      21
      17
      15
       5
       7
       9
       5
       6
       5
       5
       5
       5
       5
       5
       4
       6
       8
       3
       8
       6
       6
       1
       8
       6
       5
       6
       4
       9
       5
       8
       3
       5
       6
       1
       4
       7
       2
       3
       3
       4
       1
       3
       4
       3
       4
       6
       7
       3
       2
       7
       0
       5
       7
       3
      12
       3
       4
       4
       3
       4
       4
       3
       3
       2
       3
       3
       4
       2
       5
       4
       3
       4
       3
       7
       1
       4
       6
       4
       5
       2
       5
       5
       1
       5
       6
       4
       6
       5
       2
       3
       5
       5
       3
       3
       4
       4
       5
       4
       1
       0
       2
       4
       4
       7
       6
       5
       5
       4
       3
       2
       3
       3
       4
       4
       0
       2
       2
       2
       2
       4
       4
       4
       5
      12
       3
       7
       2
       4
       4
       6
       8
       8
      12
      10
      14
      10
       4
       8
       6
       4
       4
       2
       2
       1
       4
       2
       1
       2
       3
       3
       4
       6
       4
       9
       5
       6
       3
       3
       1
       2
       4
       4
       5
       5
       6
       9
       5
       4
       1
       2
       3
       4
       2
       3
       6
       5
       5
       4
       2
       3
       1
       5
       0
       6
       4
       2
       1
       6
       6
       4
       3
       3
       4
       3
       2
       2
       3
       1
       3
       5
       6
       6
       4
       7
       5
       1
       3
       2
       2
       4
       3
       4
       3
       6
       3
       3
       4
       4
       1
       4
       1
       4
       4
       2
       3
       6
       3
       1
       3
       5
       1
       2
       3
       3
       2
       2
       3
       3
       1
       2
       2
       2
       2
       6
       2
       5
       3
       2
       4
       6
       4
       3
       5
       3
       3
       5
       3
       2
       4
       6
       3
       4
       3
       6
       3
       3
       6
       6
       0
       3
       4
       7
       9
       2
       2
       2
       2
       1
       2
       7
       3
       5
       2
       3
       3
       4
       6
       2
       3
       5
       4
       1
       1
       5
       2
       4
       3
       2
       5
       5
       1
       3
       3
       3
       4
       2
       3
       2
       4
       6
       5
       1
       3
       2
       2
       1
       7
       4
       1
       6
       4
       2
       5
       4
       5
       2
       1
       4
       6
       2
       3
       4
       1
       5
       3
       2
       4
       2
       4
       1
       2
       1
       2
       5
       2
       2
       2
       5
       5
       9
       3
       4
       4
       2
       8
       5
       6
       2
       4
       4
       5
       2
       2
       3
       1
       2
       6
       2
       2
       4
       2
       6
       1
       4
       4
       8
       2
       5
       5
       3
       1
       3
       4
       3
       3
       5
       2
       4
       4
       3
       2
       3
       3
       3
       4
       2
       1
       4
       3
       1
       3
       2
       4
       4
       6
       3
       5
       3
       4
       1
       2
       5
       3
       3
       7
       4
       1
       2
       3
       3
       6
       2
       1
       3
       6
       3
       5
       2
       2
       2
       1
       0
       5
       3
       3
       1
       7
       4
       2
       4
       2
       7
       1
       2
       2
       2
       4
       2
       3
       3
       2
       3
       3
       2
       2
       4
       4
       3
       6
       1
       6
       3
       1
       3
       6
       2
       5
       2
       6
       7
       6
       8
       9
       4
      10
       9
      12
       8
       6
       7
       5
       2
       7
       4
       6
       4
       4
      10
       9
       7
       5
       4
       3
       0
       2
       3
       2
       2
       6
       0
       6
       5
       2
       5
       4
       5
       1
       4
       2
       8
       6
       1
       5
       6
       3
       3
       1
       3
       2
       5
       5
       3
       5
       9
       5
       4
       3
       3
       4
       5
       3
       4
       7
       1
       1
       7
       4
       1
       4
       3
       5
       1
       5
       4
       4
       4
       3
       2
       2
       7
       3
       6
       6
       1
       3
       2
       5
       1
       2
       1
       2
       3
       6
       1
       4
       4
       3
       1
       2
       4
       1
       5
       4
       5
       3
       6
       6
       4
       6
       4
       4
       1
       1
       2
       5
       1
       6
       3
       1
       2
       0
       4
       1
       3
       4
       2
       6
       3
       3
       4
       2
       7
       4
       3
       5
       4
       7
      10
       7
       6
       6
      12
       7
       4
       4
       7
       6
       4
       3
       2
       4
       2
       1
       4
       3
       3
       2
       3
       2
       5
       3
       0
       5
       3
       4
       4
       5
       6
       3
       4
       1
       4
       3
       2
       6
       4
       1
       2
       2
       2
       3
       3
       5
       8
       5
       3
       2
       5
       4
       1
       6
       1
       3
       2
       5
       5
       6
       4
       4
       2
       1
       1
       2
       3
       3
       2
       1
       2
       3
       4
       5
       2
       2
       4
       3
       7
       3
       2
       0
       3
       4
       2
       7
       4
       7
       2
       4
       3
       2
       5
       3
       7
       1
       2
       3
       6
       2
       1
       3
       2
       5
       4
       2
       5
       4
       4
       2
       0
       5
       3
       7
       5
       4
       5
       6
       2
       1
       4
       0
       4
       6
       2
       5
      10
       0
       2
       4
       5
       2
       1
       5
       5
       4
       2
       4
       4
       3
       3
       4
       5
       2
       3
       5
       2
       7
       5
       3
       5
       1
       3
       5
       3
       6
       6
       6
       6
       4
       3
       5
       6
       5
       3
       2
       3
       5
       3
       6
       2
       0
       2
       3
       2
       4
       3
       6
       2
       1
       1
       4
       4
       2
       2
       3
       2
       3
       1
       2
       4
       4
       2
       4
       6
       1
       4
       2
       6
       2
       2
       1
       0
       3
       5
       1
       2
       2
       1
       4
       4
       3
       3
       0
       0
       2
       1
       3
       4
       0
       4
       0
       4
       1
       1
       5
       2
       1
       4
       2
       2
       6
       1
       2
       0
       2
       3
       3
       0
       5
       2
       1
       1
       6
       2
       7
       2
       2
       3
       1
       0
       2
       7
       4
       3
       1
       4
       7
       3
       1
       5
       1
       1
       0
       0
       1
       5
       4
       0
       2
       3
       1
       2
       3
       4
       0
       7
       3
       3
       2
       3
       1
       2
       4
       2
       2
       0
       1
       0
       3
       2
       1
       4
       2
       2
       3
       0
       1
       2
       3
       0
       2
       0
       3
       3
       2
       0
       4
       2
       3
       3
       2
       1
       2
       1
       0
       2
       3
       2
       3
       0
       1
       2
       1
       1
       1
       3
       3
       2
       0
       0
       1
       1
       3
       3
       5
       1
       3
       0
       1
       2
       2
       3
       1
       3
       0
       2
       1
       2
       1
       4
       1
       2
       4
       1
       1
       1
       0
       3
       4
       1
       3
       3
       4
       0
       1
       0
       1
       0
       1
       3
       4
       3
      10
       9
       6
       6
       3
       4
       2
       5
       1
       1
       1
       2
       1
       2
       2
       3
       2
       3
       0
       1
       1
       2
       0
       2
       1
       1
       0
       1
       4
       0
       3
       0
       1
       1
       0
       1
       2
       2
       1
       1
       1
       3
       0
       0
       1
       1
       3
       0
       1
       0
       1
       0
       2
       3
       2
       3
       3
       2
       3
       1
       3
       0
       2
       1
       1
       3
       1
       1
       1
       1
       2
       0
       1
       2
       2
       3
       0
       1
       3
       2
       1
       0
       4
       0
       0
       2
       1
       3
       2
       0
       1
       2
       1
       2
       0
       2
       1
       4
       1
       2
       2
       2
       0
       3
       2
       6
       4
       3
       1
       1
       1
       1
       1
       0
       1
       1
       4
       1
       3
       1
       3
       1
       1
       0
       3
       2
       2
       1
       1
       2
       3
       0
       2
       1
       0
       0
       1
       0
       2
       1
       3
       0
       1
       0
       0
       0
       2
       1
       1
       0
       0
       0
       2
       0
       1
       1
       0
       1
       2
       3
       1
       2
       2
       1
       0
       0
       1
       2
       1
       1
       1
       0
       1
       1
       0
       2
       2
       2
       2
       2
       1
       2
       0
       0
       1
       0
       0
       2
       0
       1
       1
       0
       2
       0
       1
       3
       2
       2
       0
       2
       0
       2
       0
       0
       0
       1
       2
       1
       0
       0
       0
       0
       0
       1
       1
       2
       1
       0
       0
       0
       2
       0
       1
       1
       1
       0
       1
       2
       2
       1
       1
       0
       1
       4
       0
       1
       0
       0
       1
       0
       2
       0
       1
       0
       0
       1
       1
       2
       1
       1
       1
       0
       1
       2
       1
       2
       0
       1
       1
       1
       2
       1
       2
       3
       0
       0
       2
       3
       4
       2
       0
       2
       3
       3
       0
       0
       0
       1
       4
       4
       1
       1
       3
       1
       2
       0
       1
       4
       1
       1
       1
       1
       1
       2
       2
       5
      14
      25
      24
      50
      64
      59
      60
      55
      26
      14
      15
       3
       3
       2
       1
       2
       2
       1
       1
       1
       1
       0
       1
       2
       2
       6
       1
       1
       0
       0
       0
       1
       0
       0
       0
       1
       0
       0
       0
       0
       1
       0
       1
       0
       0
       0
       1
       0
       0
       1
       0
       2
       1
       2
       0
       1
       0
       0
       0
       1
       2
       0
       0
       0
       1
       0
       1
       1
       0
       2
       0
       1
       1
       0
       2
       4
       2
       1
       1
       1
       2
       0
       0
       1
       2
       2
       3
       1
       2
       1
       0
       2
       0
       1
       2
       1
       0
       0
       0
       1
       1
       0
       1
       0
       1
       1
       0
       0
       0
       3
       2
       1
       3
       0
       0
       1
       4
       2
       2
       0
       1
       1
       2
       1
       4
       1
       0
       0
       2
       1
       1
       0
       4
       1
       2
       0
       1
       0
       1
       0
       0
       3
       1
       1
       3
       0
       2
       2
       1
       2
       1
       1
       0
       0
       0
       0
       0
       1
       1
       3
       0
       1
       0
       3
       0
       1
       1
       4
       1
       0
       2
       0
       0
       0
       2
       0
       1
       1
       0
       1
       0
       1
       0
       0
       1
       1
       1
       0
       0
       0
       0
       1
       0
       0
       4
       1
       1
       2
       3
       1
       0
       2
       1
       0
       1
       0
       2
       2
       0
       0
       0
       1
       0
       1
       0
       0
       0
       0
       2
       1
       0
       1
       0
       0
       0
       0
       1
       0
       1
       0
       0
       2
       3
       1
       0
       2
       0
       0
       1
       0
       1
       0
       0
       0
       0
       0
       1
       0
       1
       0
       0
       3
       0
       0
       0
       0
       1
       0
       0
       1
       1
       0
       2
       1
       1
       2
       0
       1
       0
       0
       1
       0
       0
       0
       0
       1
       1
       1
       0
       1
       0
       0
       0
       1
       1
       1
       1
       1
       0
       0
       1
       1
       2
       1
       0
       0
       1
       0
       2
       1
       0
       3
       0
       3
       2
       0
       2
       3
       5
       1
       2
       3
       3
       1
       4
       1
       1
       0
       1
       1
       1
       0
       0
       0
       1
       1
       2
       0
       1
       0
       1
       1
       0
       0
       0
       0
       2
       0
       0
       1
       1
       1
       1
       1
       0
       0
       0
       0
       0
       2
       0
       1
       0
       0
       0
       1
       3
       0
       0
       2
       2
       0
       2
       0
       2
       3
       2
       2
       1
       1
       1
       1
       1
       0
       1
       2
       1
       0
       1
       0
       0
       0
       0
       0
       0
       1
       0
       0
       0
       1
       0
       0
       1
       1
       0
       0
       0
       0
       0
       0
       1
       0
       0
       1
       1
       0
       1
       0
       0
       0
       0
       2
       1
       0
       0
       1
       0
       1
       1
       0
       0
       0
       0
       0
       1
       0
       1
       1
       0
       0
       0
       0
       1
       1
       0
       0
       2
       1
       0
       1
       1
       2
       0
       0
       0
       0
       0
       0
       1
       1
       0
       0
       0
       0
       0
       0
       0
       0
       0
       0
       1
       3
       0
       0
       0
       2
       0
       2
       3
       0
       1
       3
       0
       1
       2
       0
       1
       0
       1
       1
       0
       3
       0
       0
       0
       1
       1
       0
       3
       1
       0
       0
       0
       0
       0
       0
       0
       2
       0
       0
       2
       0
       0
       1
       1
       0
       0
       0
       0
       0
       0
       1
       0
       1
       0
       0
       1
       0
       0
       0
       0
       2
       1
       1
       0
       1
       0
       0
       1
       0
       0
       1
       0
       1
       0
       0
       0
       0
       3
       0
       2
       0
       0
       0
       1
       0
       1
       1
       0
       1
       0
       0
       0
       2
       1
       1
       1
       0
       1
       0
       0
       2
       1
       0
       0
       0
       0
       1
       1
       0
       0
       0
       3
       1
       1
       0
       0
       1
       0
       1
       0
       0
       1
       0
       1
       1
       1
       1
       0
       0
       1
       0
       0
       0
       1
       0
       1
       0
       0
       0
       0
       0
       0
       0
       0
       0
       0
       0
       0
       1
       0
       1
       0
       0
       1
       0
       1
       1
       0
       0
       0
       0
       0
       0
       3
       1
       0
       2
       1
       2
       4
       1
       2
       1
       1
       2
       1
       1
       1
       1
       2
       1
       1
       0
       1
       0
       0
       0
       0
       0
       0
       1
       0
       0
       1
       1
       1
       0
       2
       1
       0
       0
       2
       0
       0
       1
       1
       0
       0
       1
       0
       0
       1
       0
       0
       1
       0
       0
       0
       0
       0
       1
       0
       0
       0
       0
       2
       1
       0
       1
       0
       1
       1
       2
       0
       0
       0
       0
       0
       2
       0
       0
       0
       0
       0
       0
       0
       1
       5
       2
       1
       2
       4
       5
       8
       5
       7
       0
       2
       0
       1
       0
       0
       1
       0
       1
       0
       1
       1
       0
       0
       0
       0
       1
       0
       1
       0
       0
       0
       0
       0
       0
       0
       0
       0
       1
       0
       0
       1
       0
       0
       0
       0
       1
       2
       0
       0
       0
       0
       0
       0
       1
       0
       0
       0
       0
       1
       1
       1
       0
       0
       0
       0
       0
       1
       0
       1
       0
       0
       0
       0
       0
       0
       0
       1
       0
       1
       1
       2
       0
       1
       1
       1
       1
       0
       0
       1
       0
       0
       0
       0
       0
       0
       0
       0
       0
       0
       1
       0
       1
       0
       0
       0
       0
       0
       0
       1
       2
       0
       0
       0
       0
       0
       0
       2
       0
       0
       0
       0
       2
       0
       1
       0
       1
       0
       0
       0
       0
       0
       0
       0
       2
       0
       0
       1
       0
       0
       2
       0
       0
       2
       1
       0
       1
       1
       0
       0
       0
       2
       0
       0
       0
       1
       0
       0
       1
       0
       0
       0
       0
       0
       0
       0
       0
       0
       0
       0
       0
       1
       1
       1
       0
       0
       0
       0
       0
       0
       0
       2
       0
       0
       1
       1
       1
       0
       1
       0
       0
       1
       0
       0
       0
       0
       0
       0
       1
       0
       1
       0
       2
       0
       0
       0
       0
       1
       0
       0
       0
       0
       1
       0
       1
       0
       0
       0
       2
       1
       1
       0
       0
       0
       1
       1
       1
       0
       1
       2
       0
       0
       0
       0
       0
       0
       0
       0
       0
       0
       0
       0
       0
       0
       0
       0
       0
       0
       0
       0
       0
       0
       0
       0
       0
       1
       1
       0
       0
       0
       1
       0
       0
       0
       0
       0
       0
       0
       2
       0
       1
       0
       0
       0
       0
       0
       0
       0
       1
       1
       2
       0
       0
       0
       0
       0
       0
       2
       0
       2
       1
       1
       1
       0
       0
       0
       0
       1
       0
       0
       0
       0
       1
       0
       1
       1
       1
       0
       1
       2
       0
       0
       0
       1
       0
       0
       0
       0
       1
       0
       0
       0
       0
       0
       0
       0
       1
       0
       0
       0
       0
       0
       0
       0
       0
       0
       0
       0
       0
       0
       1
       0
       0
       0
       1
       0
       0
       1
       0
       1
       0
       0
       1
       0
       0
       1
       0
       0
       0
       1
       1
       0
       1
       0
       0
       0
       0
       0
       2
       1
       1
       0
       0
       0
       1
       0
       0
       0
       0
       0
       0
       0
       0
       1
       0
       0
       0
       0
       0
       0
       0
       1
       0
       1
       0
       0
       0
       1
       0
       3
       0
       0
       2
       0
       0
       2
       0
       0
       1
       0
       0
       0
       3
       0
       0
       1
       0
       0
       0
       1
       1
       0
       0
       1
       0
       0
       0
       1
       0
       1
       0
       0
       1
       0
       1
       1
       0
       0
       1
       0
       1
       0
       2
       1
       0
       0
       0
       0
       0
       0
       0
       1
       0
       1
       0
       0
       1
       1
       1
       0
       0
       0
       0
       1
       0
       0
       0
       1
       3
       2
       0
       0
       0
       0
       0
       1
       0
       0
       0
       2
       0
       0
       0
       0
       0
       0
       1
       1
       1
       0
       0
       0
       1
       0
       0
       1
       0
       0
       0
       0
       2
       0
       0
       0
       1
       1
       0
       0
       1
       0
       0
       0
       0
       0
       2
       1
       1
       0
       0
       0
       0
       1
       0
       0
       1
       0
       0
       1
       0
       2
       0
       0
       0
       0
       0
       0
       0
       2
       0
       0
       2
       0
       0
       0
       0
       1
       0
       1
       1
       0
       0
       0
       1
       0
       1
       0
       1
       0
       0
       0
       1
       0
       0
       1
       0
       0
       0
       0
       0
       0
       0
       1
       0
       0
       0
       0
       0
       1
       1
       1
       0
       0
       0
       1
       0
       0
       0
       1
       0
       1
       1
       0
       0
       1
       0
       0
       0
       0
       0
       0
       1
       1
       0
       0
       0
       0
       1
       1
       0
       1
       0
       0
       1
       0
       0
       0
       0
       1
       0
       0
       0
       1
       0
       0
       0
       0
       2
       0
       0
       0
       0
       0
       0
       0
       0
       0
       0
       0
       0
       2
       0
       0
       0
       1
       0
       1
       1
       1
       0
       0
       0
       0
       1
       0
       1
       0
       0
       0
       0
       0
       0
       1
       0
       0
       1
       0
       1
       0
       0
       0
       0
       0
       1
       1
       2
       0
       0
       2
       0
       0
       1
       0
       0
       1
       1
       1
       0
       1
       0
       0
       0
       2
       0
       0
       0
       0
       1
       1
       0
       1
       0
       0
       1
       0
       1
       0
       1
       0
       0
       0
       0
       1
       0
       1
       0
       1
       0
       0
       0
       0
       0
       2
       0
       0
       0
       0
       1
       1
       0
       1
       0
       0
       1
       0
       0
       1
       2
       0
       0
       0
       0
       0
       0
       0
       1
       3
       1
       0
       1
       0
       0
       0
       1
       0
       0
       0
       0
       0
       0
       2
       0
       0
       1
       1
       0
       1
       0
       1
       0
       1
       1
       2
       0
       0
       0
       1
       1
       0
       1
       0
       1
       1
       0
       0
       2
       0
       0
       0
       0
       1
       0
       1
       1
       1
       4
       0
       0
       3
       0
       3
       1
       0
       2
       1
       2
       0
       0
       1
       0
       0
       0
       0
       0
       0
       0
       0
       0
       1
       1
       0
       0
       0
       1
       0
       1
       0
       1
       0
       0
       1
       1
       2
       0
       0
       0
       0
       0
       0
       1
       0
       0
       1
       0
       0
       0
       0
       0
       0
       1
       0
       0
       0
       1
       0
       0
       1
       0
       1
       0
       0
       0
       0
       0
       0
       1
       0
       0
       0
       0
       0
       0
       0
       0
       1
       0
       0
       1
       0
       1
       1
       1
       1
       0
       0
       0
       1
       1
       0
       1
       0
       0
       2
       1
       0
       0
       0
       0
       0
       0
       0
       0
       0
       0
       0
       0
       0
       0
       0
       0
       0
       0
       0
       1
       0
       0
       0
       0
       0
       0
       0
       0
       1
       0
       1
       0
       0
       0
       0
       0
       0
       0
       0
       2
       0
       2
       0
       0
       0
       0
       0
       0
       0
       0
       1
       1
       2
       2
       0
       0
       0
       1
       0
       0
       1
       0
       0
       0
       0
       0
       1
       0
       1
       0
       0
       1
       2
       0
       0
       0
       0
       1
       0
       0
       0
       0
       0
       0
       0
       0
       1
       0
       1
       0
       0
       1
       0
       1
       0
       1
       0
       0
       0
       0
       2
       1
       0
       1
       1
       0
       1
       1
       1
       0
       1
       0
       0
       0
       1
       1
       1
       1
       1
       0
       0
       0
       2
       0
       0
       0
       0
       0
       0
       0
       0
       0
       2
       0
       0
       0
       0
       1
       4
       3
       1
       2
       3
       2
       0
       1
       0
       0
       0
       0
       0
       0
       0
       0
       1
       0
       0
       0
       0
       0
       0
       2
       0
       0
       0
       2
       0
       0
       0
       0
       0
       0
       1
       0
       1
       0
       1
       1
       0
       0
       0
       1
       1
       0
       1
       0
       0
       0
       0
       0
       0
       0
       0
       0
       0
       0
       1
       1
       0
       1
       1
       0
       0
       0
       1
       0
       0
       0
       0
       1
       0
       0
       0
       0
       0
       1
       0
       0
       0
       0
       0
       0
       0
       0
       0
       0
       0
       0
       1
       0
       0
       0
       0
       0
       0
       0
       1
       0
       1
       0
       1
       1
       1
       0
       1
       0
       1
       0
       0
       0
       0
       0
       0
       0
       0
       0
       1
       1
       0
       0
       0
       2
       0
       1
       1
       2
       0
       0
       0
       1
       0
       1
       0
       0
       0
       0
       0
       1
       1
       1
       0
       0
       0
       0
       1
       1
       0
       0
       0
       0
       0
       0
       0
       0
       0
       0
       0
       0
       0
       1
       0
       0
       0
       3
       0
       0
       2
       1
       1
       1
       0
       0
       0
       0
       0
       0
       0
       0
       1
       0
       0
       0
       0
       0
       0
       0
       0
       1
       0
       0
       0
       0
       0
       0
       1
       1
       1
       1
       0
       1
       0
       0
       0
       0
       1
       1
       1
       0
       2
       0
       0
       1
       1
       2
       0
       0
       0
       2
       1
       0
       0
       1
       1
       2
       1
       1
       0
       0
       0
       0
       1
       0
       0
       0
       0
       0
       0
       1
       0
       2
       1
       0
       0
       3
       0
       0
       0
       0
       0
       0
       0
       0
       1
       0
       0
       0
       0
       1
       0
       0
       0
       0
       1
       0
       0
       0
       0
       1
       0
       0
       0
       0
       0
       1
       0
       0
       1
       0
       1
       0
       0
       0
       1
       0
       2
       0
       1
       0
       0
       1
       0
       0
       0
       1
       1
       1
       0
       0
       1
       0
       0
       0
       0
       0
       1
       0
       0
       2
       0
       0
       1
       0
       0
       0
       1
       2
       0
       2
       0
       0
       0
       1
       0
       0
       1
       1
       0
       0
       0
       0
       0
       1
       0
       0
       0
       0
       0
       1
       0
       2
       1
       1
       0
       0
       1
       0
       0
       0
       0
       3
       1
       2
       0
       0
       0
       0
       0
       0
       0
       1
       0
       0
       0
       0
       1
       0
       1
       0
       0
       0
       0
       0
       2
       0
       1
       0
       0
       1
       0
       0
       0
       1
       0
       0
       1
       0
       0
       0
       0
       0
       1
       0
       0
       0
       2
       2
       0
       0
       0
       1
       0
       1
       1
       0
       0
       0
       1
       0
       0
       1
       1
       0
       1
       0
       0
       0
       0
       0
       0
       0
       0
       2
       0
       0
       2
       1
       0
       0
       3
       1
       0
       0
       0
       0
       0
       0
       0
       1
       0
       0
       0
       0
       0
       0
       2
       0
       1
       1
       0
       0
       0
       0
       0
       0
       0
       1
       0
       1
       0
       0
       1
       0
       0
       1
       2
       0
       0
       0
       0
       1
       0
       1
       2
       0
       1
       0
       0
       1
       1
       0
       0
       1
       0
       0
       0
       0
       0
       0
       0
       0
       0
       1
       1
       0
       1
       1
       0
       0
       1
       1
       0
       1
       0
       1
       1
       1
       0
       0
       0
       0
       0
       0
       0
       0
       0
       0
       0
       0
       0
       0
       0
       0
       0
       0
       0
       0
       2
       0
       0
       0
       0
       0
       0
       1
       0
       0
       0
       1
       0
       0
       0
       0
       1
       0
       0
       0
       1
       0
       0
       0
       1
       0
       0
       0
       0
       1
       0
       0
       0
       0
       0
       0
       0
       0
       1
       1
       0
       0
       0
       0
       1
       0
       0
       0
       1
       1
       0
       0
       0
       0
       0
       0
       0
       0
       0
       0
       0
       0
       0
       0
       0
       1
       0
       1
       0
       0
       0
       0
       0
       0
       1
       0
       0
       0
       1
       0
       0
       0
       1
       0
       0
       0
       0
       0
       0
       0
       1
       0
       0
       0
       0
       0
       1
       0
       0
       0
       0
       0
       0
       0
       0
       0
       0
       0
       0
       0
       0
       0
       0
       0
       0
       0
       0
       0
       0
       0
       0
       0
       0
       0
       0
       0
       2
       0
       1
       0
       0
       1
       0
       0
       0
       0
       0
       0
       0
       0
       0
       0
       0
       0
       0
       0
       1
       1
       0
       0
       0
       0
       0
       0
       0
       0
       0
       0
       1
       0
       0
       0
       0
       0
       1
       1
       0
       0
       1
       0
       1
       0
       0
       0
       0
       0
       0
       0
       0
       0
       0
       0
       0
       0
       0
       0
       0
       0
       0
       0
       0
       0
       0
       0
       0
       0
       0
       0
       0
       1
       0
       0
       0
       0
       0
       0
       0
       0
       0
       0
       0
       1
       0
       0
       1
       0
       0
       0
       0
       0
       1
       0
       0
       0
       0
       0
       0
       1
       0
       0
       0
       0
       1
       1
       0
       0
       0
       0
       0
       0
       1
       0
       0
       0
       0
       0
       0
       0
       0
       0
       0
       0
       0
       0
       0
       0
       0
       0
       0
       0
       0
       0
       0
       0
       0
       0
       0
       0
       0
       0
       0
       0
       1
       0
       0
       0
       0
       0
       0
       0
       0
       0
       0
       0
       1
       0
       0
       0
       0
       0
       0
       0
       0
       1
       0
       0
       0
       0
       0
       0
       0
       0
       0
       0
       0
       0
       0
       0
       0
       0
       1
       0
       0
       0
       0
       0
       0
       0
       0
       0
       0
       0
       0
       0
       0
       0
       0
       0
       0
       1
       0
       0
       0
       0
       0
       0
       0
       1
       0
       0
       0
       0
       0
       0
       1
       0
       1
       0
       0
       0
       0
       0
       0
       0
       0
       0
       0
       0
       1
       0
       0
       0
       0
       0
       0
       0
       0
       0
       0
       0
       0
       0
       0
       0
       1
       0
       0
       0
       0
       0
       0
       0
       0
       0
       0
       0
       0
       1
       0
       0
       0
       0
       0
       0
       1
       0
       1
       1
       0
       0
       0
       0
       0
       0
       0
       0
       0
       0
       0
       0
       0
       0
       0
       0
       0
       0
       0
       0
       0
       0
       0
       0
       0
       3
       1
       1
       8
       6
      11
       4
       9
      14
       5
       8
       6
       4
       1
       1
       0
       0
       0
       0
       0
       0
       0
       0
       0
       0
       0
       0
       0
       0
       0
       0
       1
       2
       0
       0
       0
       0
       0
       0
       0
       0
       0
       0
       0
       0
       0
       0
       0
       0
       0
       0
       0
       0
       0
       0
       0
       0
       0
       0
       0
       0
       0
       0
       0
       0
       0
       0
       0
       0
       0
       0
       0
       0
       0
       0
       0
       0
       0
       1
       0
       0
       0
       0
       0
       0
       0
       0
       0
       0
       0
       0
       0
       0
       0
       0
       0
       0
       0
       0
       1
       0
       0
       0
       0
       0
       0
       0
       0
       0
       0
       0
       0
       0
       0
       0
       0
       0
       1
       0
       0
       0
       0
       0
       0
       0
       0
       0
       0
       0
       0
       0
       0
       0
       0
       0
       0
       1
       0
       0
       0
       0
       0
       0
       0
       0
       0
       0
       0
       0
       0
       0
       0
       0
       0
       0
       0
       1
       0
       0
       0
       0
       0
       0
       0
       0
       0
       0
       0
       0
       0
       0
       0
       0
       0
       0
       0
       0
       0
       0
       0
       0
       0
       0
       0
       0
       0
       0
       0
       0
       0
       0
       0
       0
       0
       0
       0
       0
       0
       0
       0
       0
       0
       0
       0
       0
       0
       0
       0
       0
       0
       0
       0
       0
       0
       0
       0
       0
       0
       0
       0
       0
       0
       0
       0
       0
       0
       0
       0
       0
       0
       0
       0
       0
       0
       0
       0
       0
       0
       0
       0
       1
       0
       0
       0
       0
       0
       0
       0
       0
       0
       0
       0
       0
       0
       0
       0
       0
       0
       0
       0
       0
       0
       0
       0
       0
       0
       0
       0
       0
       0
       0
       0
       0
       0
       0
       0
       0
       0
       0
       0
       0
       0
       0
       0
       0
       0
       0
       0
       0
       0
       0
       0
       0
       0
       0
       0
       0
       0
       0
       0
       0
       0
       0
       0
       0
       0
       0
       0
       0
       0
       0
       0
       0
       0
       0
       0
       0
       0
       0
       0
       0
       0
       0
       0
       0
       0
       0
       0
       0
       0
       0
       0
       0
       0
       0
       0
       0
       0
       0
       0
       0
       0
       0
       0
       0
       0
       0
       0
       0
       0
       0
       0
       0
       0
       0
       0
       0
       0
       0
       0
       0
       0
       0
       0
       0
       0
       0
       1
       1
       0
       0
       0
       0
       0
       0
       0
       0
       0
       0
       0
       0
       0
       0
       0
       0
       0
       0
       0
       0
       0
       0
       0
       0
       0
       0
       0
       0
       0
       0
       0
       0
       0
       0
       0
       0
       0
       1
       0
       0
       0
       0
       0
       0
       0
       0
       0
       0
       0
       0
       0
       0
       0
       0
       0
       0
       0
       0
       0
       0
       0
       0
       0
       0
       0
       0
       0
       0
       0
       0
       0
       0
       0
       0
       0
       0
       0
       0
       0
       0
       0
       0
       0
       0
       0
       0
       0
       0
       0
       0
       0
       0
       0
       0
       0
       0
       0
       0
       0
       0
       0
       0
       0
       0
       0
       0
       0
       0
       0
       0
       0
       0
       0
       0
       0
       0
       0
       0
       0
       0
       0
       0
       0
       0
       0
       0
       0
       0
       0
       0
       0
       0
       0
       0
       0
       0
       0
       0
       0
       0
       0
       0
       0
       0
       0
       0
       0
       0
       0
       0
       0
       0
       0
       0
       0
       0
       0
       0
       0
       0
       0
       0
       0
       0
       0
       0
       0
       0
       0
       0
       0
       0
       0
       0
       0
       0
       0
       0
       0
       0
       0
       0
       0
       0
       0
       0
       0
       0
       0
       0
       0
       0
       0
       0
       0
       0
       0
       0
       0
       0
       0
       0
       0
       0
       0
       0
       0
       0
       0
       0
       0
       0
       0
       0
       0
       0
       0
       0
       0
       0
       0
       0
       0
       0
       0
       0
       0
       0
       0
       0
       0
       0
       0
       0
       0
       0
       0
       0
       0
       0
       0
       1
       0
       0
       0
       0
       0
       0
       0
       0
       0
       0
       0
       0
       0
       0
       0
       0
       0
       0
       0
       0
       0
       0
       0
       0
       0
       0
       0
       0
       0
       0
       0
       0
       0
       0
       0
       0
       0
       0
       0
       0
       0
       0
       0
       0
       0
       0
       0
       0
       0
       0
       0
       0
       0
       0
       0
       0
       0
       0
       0
       0
       0
       0
       0
       0
       0
       0
       0
       0
       0
       0
       0
       0
       0
       0
       0
       0
       0
       1
       0
       0
       0
       0
       0
       0
       0
       0
       0
       0
       0
       0
       0
       0
       0
       0
       0
       0
       0
       0
       0
       0
       0
       0
       0
       0
       0
       0
       0
       0
       0
       0
       0
       0
       0
       0
       0
       0
       0
       0
       0
       0
       0
       0
       0
       0
       0
       0
       0
       0
       0
       0
       0
       0
       0
       0
       0
       0
       0
       0
       0
       0
       0
       0
       0
       0
       0
       0
       0
       0
       0
       0
       0
       0
       0
       0
       0
       0
       0
       0
       0
       0
       0
       1
       0
       0
       0
       0
       0
       0
       0
       0
       0
       0
       0
       0
       0
       0
       0
       0
       0
       0
       0
       0
       0
       0
       0
       0
       0
       0
       0
       1
       0
       0
       0
       0
       0
       0
       0
       0
       0
       0
       0
       0
       0
       0
       0
       0
       0
       0
       0
       0
       0
       0
       0
       0
       0
       0
       0
       0
       0
       0
       0
       0
       0
       0
       0
       0
       0
       0
       0
       0
       0
       0
       0
       0
       0
       0
       0
       0
       0
       0
       0
       0
       0
       0
       0
       0
       0
       0
       0
       0
       0
       0
       0
       0
       0
       0
       0
       0
       0
       0
       0
       0
       0
       0
       0
       0
       0
       0
       0
       0
       0
       0
       0
       0
       0
       0
       0
       0
       0
       0
       0
       0
       0
       0
       0
       0
       0
       0
       0
       0
       0
       0
       0
       0
       0
       0
       0
       0
       0
       0
       0
       0
       0
       0
       0
       0
       0
       0
       0
       0
       0
       0
       0
       0
       0
       0
       0
       0
       0
       0
       0
       0
       0
       0
       0
       0
       0
       0
       0
       0
       0
       0
       0
       0
       0
       0
       0
       0
       0
       1
       0
       0
       0
       0
       0
       0
       0
       0
       0
       0
       0
       0
       0
       0
       0
       0
       0
       0
       0
       0
       0
       0
       0
       0
       0
       0
       0
       0
       0
       0
       0
       0
       0
       0
       0
       0
       0
       0
       0
       0
       0
       0
       0
       0
       0
       0
       0
       0
       0
       0
       0
       0
       0
       0
       0
       0
       0
       0
       0
       0
       0
       0
       0
       0
       0
       0
       0
       0
       0
       0
       0
       0
       0
       0
       0
       0
       0
       0
       0
       0
       0
       0
       0
       1
       0
       1
       0
       0
       0
       0
       0
       0
       0
       0
       0
       0
       0
       0
       0
       0
       0
       0
       0
       0
       0
       0
       0
       0
       0
       0
       0
       0
       0
       0
       0
       0
       0
       0
       0
       0
       0
       0
       0
       0
       0
       0
       0
       0
       0
       0
       0
       0
       0
       0
       0
       0
       0
       0
       0
       0
       0
       0
       0
       0
       1
       0
       0
       0
       0
       0
       0
       0
       0
       0
       0
       0
       0
       0
       0
       0
       0
       0
       0
       0
       0
       0
       0
       0
       0
       0
       0
       0
       0
       0
       0
       0
       0
       0
       0
       0
       0
       0
       0
       0
       0
       0
       0
       0
       0
       0
       0
       0
       0
       0
       0
       0
       0
       0
       0
       0
       0
       0
       0
       0
       0
       0
       0
       0
       0
       0
       0
       0
       0
       0
       0
       0
       0
       0
       0
       0
       0
       0
       0
       0
       0
       0
       0
       0
       0
       0
       0
       0
       0
       0
       0
       0
       0
       0
       0
       0
       0
       0
       0
       0
       0
       0
       0
       0
       0
       0
       0
       0
       0
       0
       0
       0
       0
       0
       0
       0
       0
       0
       0
       0
       0
       0
       0
       0
       0
       0
       0
       0
       0
       0
       0
       0
       0
       0
       0
       0
       0
       0
       0
       0
       0
       0
       1
       0
       0
       0
       0
       0
       1
       0
       0
       0
       0
       0
       0
       0
       0
       0
       1
       0
       0
       0
       0
       0
       0
       0
       0
       0
       0
       0
       0
       0
       0
       0
       0
       0
       0
       0
       0
       0
       0
       0
       0
       0
       0
       0
       0
       0
       0
       0
       0
       0
       0
       0
       0
       0
       0
       0
       0
       0
       0
       0
       0
       0
       0
       0
       0
       1
       0
       0
       0
       0
       0
       0
       0
       0
       0
       0
       0
       1
       0
       0
       0
       0
       0
       0
       0
       0
       0
       0
       0
       0
       0
       0
       0
       0
       0
       0
       0
       0
       0
       0
       0
       0
       0
       0
       0
       0
       0
       0
       0
       0
       0
       0
       0
       0
       0
       0
       0
       0
       0
       0
       0
       0
       0
       0
       0
       0
       0
       0
       0
       0
       0
       0
       0
       0
       0
       0
       0
       0
       1
       0
       0
       0
       0
       0
       0
       0
       0
       0
       0
       0
       0
       0
       0
       0
       0
       0
       0
       0
       0
       0
       0
       0
       0
       0
       0
       0
       0
       0
       0
       0
       0
       0
       0
       0
       0
       0
       0
       0
       0
       0
       0
       0
       0
       0
       0
       0
       0
       0
       0
       0
       0
       0
       0
       0
       0
       0
       0
       0
       0
       0
       0
       0
       0
       0
       0
       0
       0
       0
       0
       0
       0
       0
       0
       0
       0
       1
       0
       0
       1
       0
       0
       0
       0
       0
       0
       0
       0
       0
       0
       0
       0
       0
       0
       0
       0
       0
       0
       1
       0
       0
       0
       0
       0
       0
       0
       0
       1
       0
       0
       0
       0
       0
       0
       0
       0
       0
       0
       0
       0
       0
       0
       0
       0
       0
       0
       0
       0
       0
       0
       0
       0
       0
       0
       0
       0
       0
       0
       0
       0
       0
       0
       0
       0
       0
       0
       0
       0
       0
       0
       0
       0
       0
       0
       0
       0
       0
       0
       0
       0
       0
       0
       0
       0
       0
       0
       0
       0
       0
       0
       0
       0
       0
       0
       0
       0
       0
       0
       0
       0
       0
       0
       0
       0
       0
       0
       0
       0
       0
       0
       0
       0
       0
       0
       0
       0
       0
       0
       0
       0
       0
       0
       0
       0
       0
       0
       0
       0
       0
       0
       0
       0
       0
       0
       0
       0
       0
       0
       0
       0
       0
       0
       0
       0
       0
       0
       0
       0
       0
       0
       0
       0
       0
       0
       0
       0
       0
       0
       0
       0
       0
       0
       0
       0
       0
       0
       0
       0
       1
       0
       0
       0
       0
       0
       0
       0
       0
       0
       0
       0
       0
       0
       0
       0
       0
       0
       0
       0
       0
       0
       0
       0
       0
       0
       0
       0
       0
       0
       0
       0
       0
       0
       0
       0
       0
       0
       0
       0
       0
       0
       0
       0
       0
       0
       0
       0
       0
       0
       0
       0
       0
       0
       0
       0
       1
       0
       0
       0
       1
       0
       0
       0
       0
       0
       0
       0
       0
       0
       0
       0
       0
       0
       0
       0
       0
       0
       0
       0
       0
       0
       0
       0
       0
       0
       0
       0
       0
       0
       0
       0
       0
       0
       0
       0
       0
       0
       0
       0
       0
       0
       0
       0
       0
       0
       0
       0
       0
       0
       0
       0
       0
       0
       0
       0
       0
       0
       0
       0
       0
       0
       0
       0
       0
       0
       0
       0
       0
       0
       0
       0
       0
       0
       0
       0
       0
       0
       0
       0
       0
       0
       0
       0
       0
       0
       0
       0
       0
       1
       0
       0
       0
       0
       0
       0
       0
       0
       0
       0
       0
       0
       0
       0
       0
       0
       0
       0
       0
       0
       0
       0
       0
       0
       0
       0
       0
       0
       0
       0
       0
       0
       0
       0
       0
       0
       0
       0
       0
       0
       0
       0
       0
       0
       0
       1
       0
       0
       0
       1
       0
       0
       0
       0
       0
       0
       0
       0
       0
       0
       0
       0
       0
       0
       0
       0
       0
       0
       0
       0
       0
       0
       0
       0
       0
       0
       0
       0
       0
       0
       0
       0
       0
       0
       0
       0
       0
       0
       0
       1
       0
       0
       0
       0
       0
       0
       0
       0
       0
       0
       0
       0
       0
       0
       0
       0
       0
       0
       0
       0
       0
       0
       0
       0
       0
       0
       0
       0
       0
       0
       0
       0
       0
       0
       1
       0
       0
       0
       0
       0
       0
       0
       0
       0
       0
       0
       0
       0
       0
       0
       0
       0
       0
       0
       0
       0
       0
       0
       0
       0
       0
       0
       0
       0
       0
       0
       0
       0
       0
       0
       0
       0
       0
       0
       0
       1
       0
       0
       0
       0
       0
       0
       0
       0
       0
       1
       0
       0
       0
       0
       0
       0
       0
       0
       0
       0
       0
       0
       0
       0
       0
       0
       0
       0
       0
       0
       0
       0
       0
       0
       0
       0
       0
       0
       0
       0
       0
       0
       0
       0
       0
       0
       0
       0
       0
       0
       0
       0
       0
       0
       0
       0
       0
       0
       0
       0
       0
       0
       0
       0
       0
       0
       0
       0
       0
       0
       0
       0
       0
       0
       0
       0
       0
       0
       0
       0
       0
       0
       0
       0
       0
       0
       0
       0
       0
       0
       0
       0
       0
       0
       0
       0
       0
       0
       0
       0
       0
       0
       0
       0
       0
       0
       0
       0
       0
       0
       0
       0
       0
       0
       0
       0
       0
       0
       0
       0
       0
       0
       0
       0
       0
       0
       0
       0
       0
       0
       0
       0
       0
       0
       0
       0
       0
       0
       0
       0
       0
       0
       0
       0
       0
       0
       0
       0
       0
       0
       0
       0
       0
       0
       0
       0
       0
       0
       0
$ROI:
0
$PRESETS:
Live Time
3600
0
$ENER_FIT:
8.931054 0.240803
$MCA_CAL:
3
8.931054E+000 2.408025E-001 6.157388E-008 keV
$SHAPE_CAL:
3
9.658150E+000 -1.618950E-003 2.758845E-007
