$SPEC_ID:
No sample description was entered.
$SPEC_REM:
DET# 1
DETDESC# EPS-140909 Easy-MCA-8k SN 16175454
AP# Maestro Version 7.01
$DATE_MEA:
03/07/2022 11:05:52
$MEAS_TIM:
3171 3214
$DATA:
0 8191
       0
       0
       0
       0
       0
       0
       0
       0
       0
       0
       0
       0
       0
       0
       0
       0
       0
       0
       0
       0
       0
       0
       0
       0
       0
       0
       0
       0
       0
       0
       0
       0
       0
       0
       0
       0
       0
       0
       1
       3
      26
     290
    7223
   10564
    7824
    8355
   10268
   12818
   15488
   15925
   13213
    9506
    6273
    4562
    4230
    4644
    5528
    6610
    8084
    8984
   10188
   12078
   14972
   20975
   29177
   39219
   46191
   51877
   65205
  108016
  201246
  324536
  404243
  370150
  248946
  125466
   50979
   22415
   17631
   27490
   50374
   77906
   92002
   82551
   58537
   33104
   15720
    6878
    3431
    2513
    2185
    2261
    2237
    2198
    2184
    2225
    2350
    2283
    2389
    2392
    2370
    2378
    2587
    2673
    2663
    2784
    2898
    2904
    3122
    3089
    3026
    2967
    2945
    2961
    2865
    2929
    2877
    2988
    2983
    3112
    3572
    4274
    6488
    9522
   12117
   12530
    9873
    6855
    4606
    3782
    3721
    3734
    3726
    3702
    3896
    3921
    4236
    4338
    4465
    4736
    4900
    5454
    6192
    7603
    8447
    9162
    9001
    8827
    8516
    8629
    8776
    8864
    9352
    9699
    9961
    9930
    9561
    9186
    8711
    8058
    7618
    7304
    6894
    6843
    6585
    6483
    6327
    6320
    6537
    7296
    7764
    7734
    7282
    7088
    7977
    8968
    8998
    7579
    5908
    4765
    4098
    4034
    4232
    5150
    8162
   14532
   28344
   55799
   98578
  137586
  144139
  109673
   60586
   24761
    8719
    3953
    3574
    4067
    4445
    4441
    4005
    3287
    3025
    2922
    2975
    2898
    2914
    2569
    2506
    2437
    2432
    2352
    2355
    2312
    2334
    2367
    2431
    2513
    2504
    2383
    2355
    2441
    2324
    2419
    2379
    2441
    2455
    2483
    2430
    2492
    2457
    2481
    2497
    2463
    2476
    2446
    2506
    2488
    2603
    2601
    2442
    2546
    2525
    2440
    2561
    2583
    2528
    2585
    2579
    2611
    2538
    2551
    2645
    2620
    2683
    2718
    2833
    2974
    3093
    3369
    3878
    4265
    4525
    4018
    3379
    2881
    2602
    2469
    2594
    2625
    2757
    2850
    2850
    2742
    2536
    2450
    2256
    2393
    2354
    2358
    2433
    2394
    2412
    2378
    2436
    2466
    2367
    2339
    2410
    2352
    2405
    2407
    2369
    2394
    2388
    2448
    2409
    2332
    2392
    2312
    2463
    2387
    2401
    2431
    2392
    2380
    2534
    2408
    2460
    2455
    2429
    2505
    2497
    2509
    2636
    2579
    2480
    2617
    2580
    2523
    2491
    2506
    2655
    2710
    2710
    2685
    2709
    2695
    2662
    2710
    2678
    2710
    2735
    2796
    2705
    2715
    2758
    2806
    2766
    2808
    2807
    2852
    2754
    2858
    2814
    2832
    2922
    2903
    2996
    3220
    3161
    3185
    3252
    3309
    3335
    3336
    3152
    3310
    3360
    3384
    3354
    3354
    3299
    3308
    3385
    3324
    3330
    3320
    3372
    3411
    3318
    3580
    3625
    4010
    4614
    5053
    5471
    4977
    4150
    3573
    3320
    3336
    3246
    3200
    3079
    3266
    3098
    3191
    3147
    3188
    3140
    3040
    2985
    3138
    3096
    3070
    3062
    3001
    3128
    3062
    3080
    2990
    2991
    3046
    3002
    3058
    2951
    2949
    2999
    2987
    3020
    3043
    3029
    3043
    2927
    2993
    2938
    2884
    2883
    2988
    3017
    3008
    2894
    2948
    2870
    2966
    2905
    2918
    2906
    2887
    2868
    2873
    2845
    2904
    2861
    2980
    2929
    2853
    2890
    2847
    2786
    2791
    2844
    2847
    2878
    2867
    2823
    2901
    2829
    2768
    2803
    2785
    2803
    2710
    2744
    2797
    2738
    2674
    2708
    2687
    2734
    2643
    2699
    2649
    2656
    2588
    2590
    2500
    2504
    2510
    2521
    2492
    2495
    2452
    2502
    2457
    2392
    2466
    2362
    2347
    2307
    2234
    2194
    2154
    2059
    2071
    1998
    2006
    1915
    1985
    1923
    1766
    1723
    1662
    1733
    1700
    1676
    1668
    1648
    1606
    1619
    1604
    1618
    1467
    1457
    1429
    1511
    1381
    1457
    1467
    1371
    1423
    1391
    1410
    1433
    1413
    1350
    1414
    1418
    1562
    1899
    2248
    2212
    2123
    1830
    1482
    1353
    1338
    1186
    1216
    1160
    1146
    1184
    1161
    1181
    1118
    1139
    1169
    1190
    1114
    1107
    1042
    1047
    1066
    1088
    1037
    1017
     999
     958
     997
     928
     972
     982
     977
     916
     949
    1015
    1024
    1081
    1062
     920
     886
     874
     897
     869
     860
     785
     865
     826
     777
     762
     770
     800
     751
     760
     800
     743
     722
     752
     739
     731
     739
     721
     688
     699
     734
     679
     689
     654
     669
     689
     686
     630
     688
     653
     648
     675
     616
     597
     607
     639
     592
     537
     614
     589
     588
     605
     586
     589
     582
     538
     588
     580
     537
     552
     613
     527
     525
     512
     522
     523
     498
     521
     508
     526
     535
     550
     478
     515
     523
     510
     547
     478
     513
     480
     499
     457
     498
     504
     501
     534
     778
    1730
    3827
    7470
   11040
   12729
   11167
    7304
    3555
    1546
     689
     458
     448
     381
     402
     415
     412
     409
     413
     405
     398
     399
     380
     413
     376
     391
     412
     354
     411
     403
     411
     411
     417
     411
     385
     339
     412
     418
     356
     383
     369
     419
     397
     377
     398
     384
     407
     442
     445
     426
     428
     405
     415
     373
     440
     388
     420
     406
     408
     398
     467
     655
    1533
    4126
   10153
   19048
   26891
   28824
   22854
   13771
    6232
    2255
     769
     437
     436
     504
     575
     591
     579
     491
     392
     311
     264
     286
     313
     360
     320
     358
     325
     309
     286
     284
     299
     276
     278
     259
     277
     272
     248
     276
     296
     300
     265
     283
     259
     246
     263
     284
     262
     258
     266
     268
     265
     286
     266
     288
     271
     269
     279
     276
     243
     258
     260
     255
     303
     276
     282
     264
     259
     276
     332
     308
     340
     331
     369
     468
     579
     822
     966
    1020
     828
     628
     415
     314
     267
     296
     345
     373
     440
     452
     424
     344
     291
     297
     271
     301
     296
     248
     276
     303
     308
     287
     280
     305
     312
     257
     332
     311
     323
     330
     302
     310
     330
     328
     328
     322
     368
     376
     359
     421
     496
     504
     516
     527
     622
    1200
    3678
   11300
   27554
   52108
   74306
   80798
   65272
   39982
   18511
    6658
    1811
     496
     180
     137
     139
     128
     121
     121
     129
     126
     119
     116
     112
     117
     108
     135
     121
     139
      90
     128
     129
     121
     131
     125
     129
     100
     126
     128
     134
     119
     120
     123
     112
     124
     133
     126
     140
     131
     141
     129
     155
     167
     164
     175
     163
     162
     152
     145
     132
     147
     149
     155
     164
     200
     294
     711
    1790
    4133
    7456
   10525
   11246
    8977
    5745
    2912
    1622
    1452
    1638
    1725
    1395
     870
     486
     252
     171
     161
     261
     314
     405
     356
     340
     237
     163
     108
      65
      66
      66
      58
      67
      67
      54
      54
      59
      57
      47
      49
      64
      67
      56
      59
      52
      71
      56
      62
      72
      53
      59
      53
      54
      66
      75
      62
      74
      68
      61
      59
      74
      73
      48
      64
      61
      75
      60
      67
      67
      74
      82
      84
      96
     109
     111
     168
     209
     282
     246
     213
     155
      91
      84
      86
      96
     101
     104
     139
     119
     105
     100
      99
      90
      78
      83
      77
      64
      80
      71
      84
      77
      69
      73
      61
      66
      64
      58
      68
      55
      62
      55
      76
      48
      49
      52
      61
      67
      44
      54
      54
      53
      45
      57
      70
      61
      95
     187
     349
     580
     773
     697
     591
     362
     215
      91
      53
      49
      36
      44
      41
      40
      43
      32
      43
      38
      37
      31
      35
      49
      38
      41
      41
      44
      51
      37
      34
      38
      24
      33
      39
      43
      35
      42
      34
      41
      47
      34
      42
      40
      36
      44
      43
      35
      42
      30
      43
      31
      39
      42
      33
      33
      38
      36
      31
      38
      31
      33
      37
      46
      40
      53
      43
      38
      43
      48
      34
      26
      39
      43
      35
      38
      33
      33
      39
      45
      40
      37
      36
      33
      44
      31
      33
      30
      32
      31
      34
      34
      38
      33
      33
      37
      26
      30
      32
      24
      33
      29
      22
      39
      36
      36
      29
      42
      36
      39
      34
      26
      29
      26
      32
      26
      27
      37
      33
      47
      26
      33
      33
      33
      31
      30
      25
      38
      31
      27
      36
      27
      29
      23
      37
      42
      35
      32
      27
      30
      28
      32
      18
      33
      36
      27
      27
      39
      28
      38
      24
      34
      30
      26
      36
      29
      35
      41
      33
      28
      25
      18
      35
      26
      30
      38
      30
      24
      30
      33
      34
      36
      35
      45
      44
      65
      80
      80
      76
      62
      42
      35
      40
      40
      25
      25
      33
      31
      40
      26
      22
      20
      26
      26
      34
      22
      25
      28
      30
      36
      31
      30
      24
      31
      30
      35
      34
      26
      21
      33
      24
      26
      20
      32
      32
      22
      32
      25
      30
      26
      16
      24
      27
      32
      23
      26
      27
      24
      20
      31
      27
      30
      22
      27
      26
      29
      37
      26
      29
      19
      30
      29
      21
      25
      28
      31
      24
      22
      23
      19
      36
      19
      28
      26
      21
      25
      27
      22
      21
      32
      26
      34
      22
      19
      25
      30
      22
      28
      23
      28
      28
      28
      30
      24
      25
      28
      24
      23
      27
      19
      28
      21
      26
      32
      19
      21
      28
      23
      28
      33
      25
      21
      24
      30
      23
      19
      22
      24
      34
      22
      23
      23
      23
      20
      29
      28
      23
      27
      24
      30
      20
      30
      22
      26
      21
      26
      20
      24
      27
      17
      26
      27
      24
      22
      28
      29
      23
      18
      26
      18
      35
      27
      18
      32
      28
      30
      31
      33
      24
      26
      24
      41
      32
      50
      70
      83
      91
      81
      68
      50
      28
      22
      26
      24
      21
      21
      12
      22
      20
      20
      15
      17
      22
      26
      16
      27
      14
      23
      29
      23
      17
      26
      21
      19
      28
      15
      18
      25
      25
      18
      25
      30
      17
      20
      27
      27
      30
      26
      19
      17
      26
      21
      26
      29
      19
      19
      18
      18
      16
      27
      22
      25
      27
      35
      59
      75
      97
     104
     101
      67
      34
      35
      27
      22
      16
      16
      16
      28
      17
      21
      20
      20
      19
      25
      20
      17
      28
      28
      21
      22
       8
      26
      17
      16
      15
      23
      15
      25
      16
      20
      26
      29
      28
      16
      19
      15
      19
      19
      15
      19
      21
      19
      20
      17
      20
      18
      19
      16
      20
      22
      25
      22
      20
      13
      15
      24
      15
      17
      24
      19
      25
      26
      30
      17
      15
      15
      22
      24
      17
      18
      28
      18
      19
      20
      14
      24
      16
      24
      14
      14
      23
      11
      22
      16
      13
      15
      11
      25
      21
      16
      14
      24
      23
      17
      11
      21
      17
      21
      13
      14
      11
       9
      26
      15
      20
      20
      21
      23
      11
      24
      16
      24
      15
      21
      20
      30
      35
      28
      39
      37
      43
      24
      27
      25
      18
      14
      21
      22
      15
      21
      15
      16
      14
      16
      26
      20
      19
      16
      19
      21
      21
      15
      16
      14
       9
      13
      14
      12
      16
      20
      23
      30
      10
      18
      16
      15
      10
      13
      11
      15
      20
      14
      17
      13
      23
      21
      13
      17
      19
      30
      16
      17
      15
      27
      16
      18
      14
      13
      19
      11
      20
      18
      26
      17
      20
      17
      23
      18
      24
      18
      13
      18
      19
      18
      16
      12
      12
      15
      19
      16
      20
      19
      19
      12
      18
      14
      16
      23
      22
      21
      26
      16
      13
      18
      20
      16
      20
      16
      14
      27
      18
      16
      17
      14
      22
      22
      17
      20
      18
      17
      19
      11
      16
      18
      23
      18
      14
      26
      17
      13
      17
      19
      10
      14
      20
       8
      20
      23
      15
      16
      16
      13
      17
      19
      17
      21
      10
      13
      20
      12
      12
      15
      17
      21
      16
      15
      19
      16
      24
      23
      17
      23
      23
      33
      30
      23
      14
      15
      17
      10
      23
      14
      20
      14
       9
      17
      15
      14
      16
      17
      14
      11
      14
      15
      11
      17
      13
      17
      13
      16
      12
      11
      12
      21
      14
      17
      13
      15
      22
      12
      17
      16
      15
      13
      11
      19
      15
      14
      14
      14
      14
      17
      18
      16
      14
      15
      18
      10
      12
      11
      18
      17
      12
      11
      11
      15
      21
      18
      17
      17
      19
      16
      21
      20
      14
      16
       8
      25
      16
       7
       8
       8
      14
      20
      15
      20
      22
      11
      15
      15
      12
      10
      19
      24
      22
      21
      18
      30
      26
      26
      19
      14
      19
       8
      14
      16
      14
      11
      18
      12
       6
      11
      21
      19
      13
      10
      22
      16
      20
      17
      15
      19
      13
      11
      18
      22
      18
      14
      15
      20
      16
      15
      15
      11
      13
      14
      20
      30
      13
      28
      13
       9
      11
      13
      10
      17
      10
      18
      12
      18
      11
       7
      11
      10
       9
      14
      14
      14
      17
      16
      20
       9
      24
      20
      14
       8
       7
      12
      11
       9
      17
      14
      19
      14
      14
      14
      17
      11
      16
      16
      13
      12
      12
      15
      11
      15
      13
      10
      16
      15
      15
      10
      13
      11
       7
      19
      13
      11
      14
      11
      12
       9
       8
      10
      12
      14
      11
      11
       9
       9
      13
      10
      15
       7
      14
      14
       9
      16
      18
      16
      11
      11
       9
      16
      15
      17
      12
      14
      13
       6
       6
      15
      12
      15
      10
      15
      13
      10
      12
      15
      10
      11
      14
      18
       9
      16
       8
      15
       8
      15
      12
      11
      16
      20
      14
      13
      11
      21
      13
      15
      11
       9
      12
      14
      15
      14
      11
      16
      11
      18
      10
      12
      11
      15
       8
       9
      12
      12
      14
      14
      10
      15
      16
      13
       8
       7
      13
      13
      11
      14
      13
       6
      14
      14
      14
      11
      16
      23
      12
      16
      12
      11
      16
      13
      18
       7
      13
      14
      20
      13
      17
      25
      23
      17
      16
      12
       9
      10
      18
      10
      10
       9
      12
      20
      10
      13
      12
      17
       9
      14
      17
      13
       9
      10
       6
       7
      13
      12
       7
      10
      13
      11
      15
      15
      10
      10
      12
      15
      12
      11
      19
      13
      11
      11
      16
      12
      11
      17
      12
      15
       6
      11
      12
      12
      14
      13
      18
      15
      15
       7
      14
       8
      12
      10
      11
      12
      10
       6
      15
      15
       8
      14
       9
      10
       9
      15
      15
      10
       9
       9
      11
      11
       8
      17
       4
      17
      11
       9
       7
      13
      12
      10
      16
       9
      12
      14
      15
      11
      14
      14
      14
      15
      14
      18
      16
       9
      12
      14
      11
      13
      15
      10
       7
       8
      14
       7
      21
      22
      26
      42
      43
      52
      66
      47
      31
      26
      20
      13
      11
       5
      13
      12
       6
      13
       4
      12
      10
       9
      14
      13
       8
      10
      11
      12
      14
       9
       8
      10
      14
      10
      15
       9
      14
      11
      18
      12
      10
      10
      12
      12
      13
      11
      10
      13
      11
       7
      13
      13
      10
      12
      13
      14
      12
      13
      17
      10
      15
      14
      12
      11
       7
      15
       9
       6
      10
      11
      13
      11
      13
      13
       8
      15
      12
      15
       8
       8
      10
      15
       6
      15
      21
      12
      13
      15
      12
      13
      10
      15
       9
      15
      11
      16
      16
      15
      14
      10
      14
      12
      13
      15
      12
      14
      10
       9
      19
      10
      12
      19
      12
      12
      13
      12
      14
      11
      10
      12
      12
      13
       7
      16
       7
      12
      11
      16
      22
      22
      21
      23
      18
      14
      14
      18
      15
      19
      35
      26
      40
      39
      24
      21
      16
      12
       7
       6
      12
      10
       7
       7
       8
       8
      10
      13
      13
      13
      10
      11
      12
      12
       6
      15
       6
      10
       8
      12
      10
      16
      10
       6
       8
      16
      11
       7
      13
       9
      13
       8
       5
      14
      10
       8
       6
      16
       8
       8
      17
       8
      12
       7
      11
       6
       5
       7
      14
      15
      10
      16
       8
       7
      12
      13
       9
      13
      16
      10
      13
       9
       8
      10
       9
      12
      10
      12
       8
      16
       7
       7
       9
      15
       7
       7
       8
      11
       8
      14
       6
       7
       9
       3
      11
      11
      12
      11
       9
       7
      11
       5
      13
      15
      13
       9
       9
      11
       4
      11
       6
      13
      12
       8
       7
      13
       9
      17
      10
       9
       6
       8
       6
       7
       7
      14
      10
       6
       7
       7
      10
      12
      13
       9
       9
      10
       7
       9
       7
       7
      10
      12
      11
       9
       4
      13
       6
      11
      11
      13
       6
       8
      12
      15
      16
      12
      10
      11
      12
      13
      12
       3
       8
       6
      13
       7
       9
       9
       9
       8
      10
      11
      10
      12
       9
       4
       7
      10
      11
       9
       8
      12
      10
       8
      11
       9
      11
      15
       7
       8
      10
      11
      12
       7
       7
       6
      13
       6
       7
      13
      10
       6
      11
      10
       8
       4
       8
       6
       6
       9
      13
       8
      13
       6
      11
      10
       9
       8
      10
      11
       8
       8
      18
      12
      13
       9
      12
       9
      14
      10
      11
       8
       6
      15
      11
       6
       6
      10
       7
      14
      12
      11
       7
      12
      13
       7
       7
       8
       8
      10
      10
       9
      13
       5
      11
       8
       7
      18
      15
       9
      17
      12
       6
       7
       8
      12
       5
       9
      10
       7
      13
      18
      12
      14
       9
       8
       8
       9
       6
       7
       7
       8
       9
       7
      11
      16
      12
       8
      10
      11
       5
       8
      10
       9
      12
       6
      12
      15
       9
      13
      11
       9
       6
       8
      13
      15
       6
       9
      11
       7
      11
       7
       9
      11
      10
      11
      10
      13
       9
       9
      17
      13
       9
      10
       8
       5
       7
      12
      10
       9
       8
      13
       9
      11
      12
       8
      14
       9
       7
      14
      11
      21
      28
      26
      24
      20
      25
      17
      13
      18
      16
      13
      14
      22
      30
      43
      21
      25
      17
       9
      12
       7
      13
      13
      11
      11
      12
      11
       7
       6
      14
       8
       8
       6
      15
       7
       8
      10
       7
      15
       9
      12
       5
       6
       9
      11
      10
      12
       4
       9
       5
      10
      11
      10
      10
      12
      11
      16
      10
      11
      12
      11
      12
       5
      10
       8
       7
       7
      14
      13
       7
      12
      13
      13
      10
       2
       8
      14
       8
       7
      13
       8
       8
      10
       8
       9
       6
       8
      11
      14
      10
      10
       8
      10
      13
       7
      11
      12
      15
      13
       7
       8
      10
       9
      13
       7
      14
       9
       7
       9
      11
       6
      17
      10
       8
      16
       8
      16
       7
      13
      14
      13
       5
       9
      17
      14
      11
       6
       9
       6
       7
       4
      12
       9
      10
      14
      25
      27
      34
      29
      23
      25
      13
      10
      12
       6
       5
      15
      13
      13
      10
       7
      15
       9
      11
       5
       7
      11
      13
       7
      13
       7
      10
      13
      13
       6
      10
       7
       7
       5
       9
      12
       7
      12
      14
       9
      16
      10
       6
       6
      12
       5
      11
       9
       6
       8
       8
      19
      10
      10
       8
      13
       6
      11
       4
      15
      11
      11
       9
       9
      13
       8
      10
      11
       9
       7
      12
       8
       8
      13
       7
       8
       8
       5
      13
      13
      10
       8
       4
       8
      13
      14
      13
      11
      14
       6
       8
      12
       9
      12
      10
       9
      10
      10
      10
      12
       8
       2
       8
       9
      11
      12
       5
       5
       8
      10
      10
      10
       6
      10
       7
      16
       7
      10
      12
       9
       9
       6
      13
      11
      11
      17
      10
       8
      11
       8
      16
      11
      11
       8
       9
      10
       6
      11
      10
       7
       9
      10
      14
       6
       8
       8
       4
      13
      11
       6
      17
      11
      12
      18
      18
       8
      13
      13
      12
      12
      10
       6
      13
      17
       9
       7
       6
       6
      11
       8
       3
       7
       8
       5
      11
       6
       7
       9
       7
       7
       4
      10
       5
       6
       9
       3
       8
       5
       7
       2
       7
       7
       7
       4
       6
      10
       5
       7
       6
      11
       6
       9
       8
      12
       7
       3
      10
       9
       9
       3
       3
       1
       9
       4
       6
       4
       8
       3
       5
       6
       8
       7
       6
       7
       8
       5
       7
       3
       3
       7
       5
       5
      10
       5
       3
      11
       9
       0
       5
      11
      13
      13
      10
      10
       6
       7
       5
       6
       2
       2
       6
      13
       9
       7
       5
       9
      11
       2
       5
       7
       4
       4
       9
       5
       3
       6
       2
       9
       4
       9
      10
       7
       7
       8
       3
       2
       5
      10
       9
       5
       3
       6
       5
       6
       8
      11
       6
       8
       5
       8
       8
       8
       5
       6
       5
       8
       2
       6
      10
       9
       6
       6
       4
       4
       6
       6
       8
       7
      11
      13
       7
       7
       4
       5
       3
      10
       4
       8
       7
       5
      12
       7
       9
       4
       3
       2
       3
       7
       4
       4
       6
       6
       4
       6
      10
       6
       6
       3
       4
       4
       5
       4
       4
       7
       4
       4
       4
       4
       2
       4
       2
       2
       7
       1
       1
       5
       5
       7
       5
       7
       5
       6
       4
       1
       4
       3
       1
       3
      12
       9
      15
      14
      16
      23
      27
      22
      18
      13
       5
       4
       5
       5
       2
       9
       4
       5
       1
       6
       3
      10
       3
       8
       6
       3
       5
       4
       1
       8
       3
       3
       4
       5
       5
       4
       7
       5
       2
       5
       2
       4
       2
       3
       7
       1
       6
       5
       3
       3
       4
       6
       6
       3
       3
       6
       7
       4
       4
       2
       5
       6
       5
       3
       3
       5
       3
       3
       3
       4
       5
       3
       4
       4
       6
       6
       4
       3
       7
       4
       4
       3
       9
       1
       5
       7
       6
       4
       4
       3
       4
       5
       4
       5
       4
       2
       5
       3
       4
       5
       1
       2
       3
       3
       4
       9
       6
       5
       2
       6
       4
      10
      12
       6
       5
       3
       6
       8
       0
       6
       0
       5
       2
       2
       6
       1
       7
       6
       5
       1
       3
       8
       7
       1
       1
       1
       1
       7
       3
       6
       4
       4
       3
       3
       5
       3
       1
       5
       3
       9
       3
       7
       2
       2
       2
       2
       2
       2
       4
       3
       3
       7
       5
       3
       2
       5
       6
       2
       3
       3
       4
       2
       3
       1
       5
       1
       3
       4
       5
       8
      12
      12
      12
       9
       2
       5
       2
       2
       6
       8
       4
       3
       4
       3
       2
       5
       3
       1
       1
       2
       1
       3
       2
       2
       4
       2
       5
       5
       1
       3
       2
       4
       3
       2
       3
       3
       5
       1
       4
       6
       5
       4
       1
       2
       3
       6
       5
       5
       2
       3
       5
       1
       3
       3
       2
       7
       4
       8
       1
       3
       2
       1
       5
       3
       2
       5
       4
       3
       3
       3
       2
       5
       3
       4
       1
       4
       4
       6
       1
       4
       1
       8
       3
       5
       1
       2
       4
       3
       6
       3
       2
       2
       5
       6
       5
       1
       2
       2
       2
       1
       3
       3
       0
       3
       9
       6
       7
       5
       1
       3
       3
       6
       5
       5
       4
       3
       5
       6
      17
      19
      27
      58
     103
     134
     202
     197
     188
     142
     106
      51
      24
      11
       6
       2
       4
       2
       2
       4
       3
       0
       4
       0
       3
       0
       3
       3
       1
       1
       3
       4
       3
       1
       2
       6
       2
       0
       3
       3
       0
       1
       2
       4
       2
       5
       1
       0
       2
       3
       2
       4
       4
       0
       1
       0
       0
       4
       0
       2
       2
       3
       1
       3
       1
       2
       3
       4
       2
       2
       0
       4
       2
       3
       1
       2
       3
       5
       4
       2
       0
       4
       5
       4
       5
       1
       2
       5
       5
       5
       3
       1
       7
       2
       2
       5
       3
       2
       1
       3
       4
       1
       6
       2
       1
       4
       0
       3
       1
       2
       3
       2
       2
       0
       2
       2
       2
       5
       5
       7
       6
       7
       2
       3
       2
       3
       1
       2
       1
       1
       5
       0
       3
       0
       5
       2
       1
       2
       2
       2
       3
       6
       1
       2
       1
       2
       1
       2
       4
       1
       1
       0
       1
       0
       2
       2
       1
       0
       4
       4
       3
       1
       1
       3
       2
       4
       0
       2
       1
       4
       3
       3
       4
       1
       5
       1
       0
       0
       0
       3
       2
       0
       5
       2
       2
       3
       3
       1
       2
       0
       2
       4
       1
       2
       4
       2
       0
       0
       3
       1
       5
       2
       1
       1
       1
       3
       2
       0
       5
       3
       0
       1
       1
       2
       3
       2
       2
       4
       2
       4
       5
       1
       2
       6
       0
       0
       1
       1
       4
       1
       1
       1
       2
       3
       2
       1
       1
       3
       1
       1
       3
       3
       0
       4
       1
       2
       3
       2
       3
       3
       2
       0
       1
       1
       2
       0
       2
       3
       2
       3
       3
       1
       2
       0
       1
       0
       2
       2
       1
       2
       3
       2
       1
       1
       1
       2
       2
       0
       3
       1
       1
       2
       2
       2
       2
       3
       4
       6
       1
       1
       3
       1
       5
       3
       1
       3
       1
       1
       3
       1
       1
       5
       2
      10
       2
       5
       4
       2
       0
       0
       7
       6
       7
       9
       8
      11
       8
       4
       2
       3
       2
       3
       5
       4
       0
       4
       6
       3
       1
       3
       0
       2
       1
       2
       3
       1
       2
       1
       2
       0
       3
       1
       2
       2
       2
       2
       3
       1
       2
       3
       2
       1
       2
       1
       2
       3
       2
       1
       5
       1
       1
       4
       2
       1
       2
       1
       1
       1
       1
       2
       3
       2
       0
       1
       2
       3
       2
       2
       4
       2
       5
       2
       2
       3
       2
       1
       1
       0
       2
       1
       3
       1
       2
       8
       1
       1
       3
       3
       0
       4
       2
       1
       7
       5
       3
       2
       1
       0
       4
       4
       0
       0
       2
       0
       3
       4
       2
       5
       0
       1
       2
       3
       0
       0
       3
       4
       0
       0
       3
       2
       2
       3
       2
       3
       2
       0
       0
       2
       1
       0
       0
       2
       1
       4
       0
       2
       1
       3
       1
       1
       1
       0
       1
       1
       1
       1
       0
       0
       1
       2
       1
       3
       0
       3
       4
       1
       0
       1
       0
       2
       1
       3
       4
       5
       3
       2
       3
       2
       1
       0
       2
       1
       0
       2
       0
       4
       2
       0
       0
       0
       2
       3
       0
       0
       1
       1
       1
       2
       0
       2
       2
       1
       2
       0
       0
       2
       2
       2
       1
       1
       2
       3
       1
       0
       3
       3
       1
       1
       2
       3
       2
       2
       0
       1
       1
       2
       1
       1
       3
       1
       3
       6
       1
       1
       0
       0
       1
       4
       2
       3
       2
       2
       2
       4
       2
       2
       0
       2
       2
       2
       0
       2
       3
       1
       2
       1
       1
       1
       2
       3
       1
       5
       2
       1
       0
       1
       2
       0
       0
       1
       1
       0
       1
       4
       2
       1
       1
       0
       1
       1
       1
       2
       1
       2
       1
       0
       2
       0
       2
       1
       1
       1
       0
       1
       1
       2
       1
       3
       1
       4
       0
       0
       1
       1
       1
       1
       2
       1
       1
       0
       1
       3
       2
       0
       0
       3
       4
       0
       2
       0
       1
       1
       3
       0
       1
       1
       0
       1
       2
       3
       0
       4
       5
       4
       6
       3
       1
       2
       4
       0
       4
       0
       5
       2
       0
       1
       1
       1
       3
       1
       1
       2
       2
       0
       3
       0
       0
       0
       0
       1
       1
       2
       1
       1
       0
       1
       0
       3
       2
       2
       1
       0
       2
       0
       0
       2
       1
       0
       2
       1
       2
       3
       1
       0
       3
       2
       0
       0
       1
       1
       3
       1
       5
       2
       0
       1
       3
       1
       3
       0
       1
       0
       2
       1
       1
       1
       2
       2
       3
       2
       6
       9
       9
      12
      17
      12
      13
      19
       7
       4
       5
       6
       1
       2
       2
       2
       4
       2
       2
       2
       1
       0
       0
       0
       3
       2
       2
       2
       0
       2
       3
       0
       0
       1
       0
       1
       0
       2
       3
       1
       2
       2
       0
       1
       3
       0
       1
       1
       1
       2
       2
       3
       2
       1
       0
       1
       0
       2
       1
       0
       0
       1
       3
       1
       2
       0
       3
       5
       1
       0
       1
       2
       0
       0
       1
       2
       3
       3
       0
       1
       0
       0
       3
       0
       1
       2
       2
       2
       0
       0
       1
       1
       0
       2
       0
       1
       2
       0
       3
       2
       1
       1
       1
       1
       3
       2
       0
       1
       0
       1
       3
       2
       1
       0
       0
       0
       4
       1
       0
       2
       0
       0
       0
       1
       1
       2
       0
       3
       0
       0
       1
       2
       0
       0
       1
       0
       4
       0
       1
       0
       0
       1
       1
       1
       2
       1
       1
       1
       2
       0
       2
       0
       1
       1
       2
       0
       3
       3
       1
       0
       0
       0
       3
       0
       0
       2
       1
       2
       0
       0
       0
       2
       2
       0
       0
       3
       0
       1
       1
       1
       0
       3
       1
       0
       1
       1
       2
       3
       1
       1
       0
       1
       0
       1
       3
       4
       4
       3
       3
       3
       4
       4
       0
       3
       1
       1
       1
       0
       2
       1
       0
       1
       1
       1
       1
       2
       2
       0
       0
       4
       1
       1
       2
       1
       1
       2
       0
       2
       4
       0
       0
       3
       1
       1
       1
       1
       1
       0
       1
       1
       2
       0
       2
       0
       1
       0
       2
       0
       2
       0
       0
       0
       1
       2
       2
       1
       0
       1
       2
       0
       3
       3
       1
       1
       2
       0
       0
       0
       0
       3
       1
       1
       1
       1
       0
       0
       0
       1
       4
       3
       1
       0
       2
       0
       1
       2
       0
       0
       1
       2
       2
       3
       3
       1
       3
       3
       0
       2
       2
       2
       2
       1
       1
       1
       0
       0
       0
       1
       0
       2
       2
       1
       3
       1
       0
       1
       0
       2
       2
       0
       3
       0
       3
       1
       2
       2
       0
       1
       2
       1
       0
       1
       1
       2
       1
       1
       0
       1
       0
       0
       1
       0
       1
       0
       0
       3
       1
       2
       4
       0
       2
       0
       3
       1
       1
       0
       2
       1
       1
       2
       1
       2
       2
       2
       0
       0
       1
       0
       1
       2
       1
       2
       1
       0
       1
       2
       1
       5
       1
       3
       1
       2
       1
       1
       2
       0
       2
       2
       0
       1
       3
       1
       1
       2
       1
       0
       0
       2
       1
       0
       1
       1
       1
       1
       1
       1
       1
       0
       2
       3
       0
       1
       2
       2
       1
       0
       2
       2
       1
       2
       0
       2
       0
       2
       3
       1
       0
       1
       2
       3
       1
       1
       0
       2
       0
       0
       1
       1
       0
       0
       2
       2
       2
       2
       0
       0
       2
       3
       1
       0
       1
       0
       1
       0
       0
       1
       2
       0
       1
       0
       0
       0
       0
       0
       2
       1
       2
       1
       2
       1
       2
       0
       1
       1
       0
       1
       0
       1
       3
       0
       1
       1
       0
       1
       1
       1
       1
       0
       0
       0
       0
       0
       0
       0
       5
       0
       0
       0
       1
       0
       0
       0
       2
       0
       2
       3
       3
       0
       0
       0
       2
       2
       1
       0
       2
       1
       0
       2
       1
       1
       1
       2
       0
       1
       0
       0
       2
       1
       0
       3
       0
       0
       1
       2
       0
       0
       1
       2
       0
       0
       4
       1
       0
       0
       0
       3
       0
       3
       4
       0
       3
       2
       0
       2
       0
       0
       2
       0
       1
       1
       1
       0
       0
       1
       3
       1
       0
       0
       0
       1
       3
       0
       1
       0
       1
       0
       2
       3
       0
       0
       1
       1
       0
       1
       0
       0
       0
       0
       1
       0
       1
       2
       1
       2
       1
       0
       1
       0
       2
       1
       1
       3
       0
       0
       0
       2
       0
       1
       0
       0
       2
       1
       0
       0
       0
       2
       1
       1
       0
       3
       0
       1
       0
       0
       1
       1
       1
       1
       0
       0
       1
       1
       0
       0
       1
       1
       1
       0
       2
       1
       1
       2
       1
       2
       0
       1
       1
       0
       1
       0
       1
       1
       1
       1
       0
       0
       2
       2
       0
       1
       1
       3
       2
       1
       2
       2
       0
       0
       1
       5
       2
       1
       0
       2
       0
       1
       0
       2
       1
       0
       1
       2
       2
       1
       0
       0
       1
       1
       1
       0
       2
       0
       2
       3
       0
       2
       1
       1
       0
       0
       0
       0
       1
       3
       2
       1
       1
       0
       0
       0
       0
       0
       0
       0
       2
       1
       0
       1
       1
       0
       0
       0
       1
       1
       0
       0
       0
       0
       1
       0
       2
       0
       1
       3
       3
       0
       0
       0
       2
       1
       1
       0
       0
       0
       1
       0
       0
       1
       2
       1
       1
       1
       1
       1
       1
       1
       1
       0
       1
       0
       0
       1
       0
       2
       3
       0
       1
       0
       2
       1
       1
       0
       1
       0
       0
       0
       0
       0
       0
       1
       0
       0
       0
       1
       0
       1
       1
       3
       2
       4
       0
       2
       6
       5
       4
       8
       2
       4
       5
       1
       5
       1
       1
       5
       2
       0
       2
       0
       0
       2
       1
       3
       2
       0
       0
       2
       1
       1
       0
       1
       2
       2
       0
       0
       1
       1
       3
       0
       1
       1
       3
       2
       1
       3
       2
       3
       1
       2
       1
       0
       2
       2
       0
       3
       1
       2
       3
       0
       1
       0
       1
       1
       0
       0
       2
       0
       3
       1
       0
       1
       0
       1
       3
       1
       3
       2
       0
       0
       1
       0
       2
       1
       0
       0
       1
       0
       1
       3
       3
       0
       0
       1
       0
       1
       0
       2
       0
       0
       0
       2
       0
       3
       0
       0
       2
       1
       2
       0
       2
       2
       1
       0
       2
       0
       2
       0
       3
       1
       1
       0
       2
       2
       2
       0
       1
       1
       1
       1
       1
       1
       1
       0
       3
       1
       1
       1
       1
       0
       2
       0
       1
       0
       2
       0
       1
       1
       1
       2
       2
       0
       0
       1
       1
       0
       1
       1
       0
       2
       1
       0
       0
       1
       0
       1
       1
       0
       6
       3
       1
       1
       1
       1
       0
       0
       1
       1
       1
       0
       2
       0
       0
       1
       0
       1
       1
       1
       0
       3
       2
       0
       0
       1
       1
       3
       0
       1
       0
       0
       2
       0
       2
       2
       2
       1
       1
       0
       2
       3
       1
       1
       0
       0
       0
       0
       0
       1
       3
       0
       0
       1
       1
       0
       1
       0
       1
       2
       2
       0
       0
       1
       0
       0
       0
       0
       0
       4
       6
       4
       4
       3
       2
       7
       5
       9
       2
       6
       1
       1
       1
       1
       1
       2
       1
       0
       1
       1
       2
       1
       1
       1
       1
       1
       0
       1
       0
       0
       0
       3
       2
       2
       1
       0
       3
       2
       1
       3
       0
       1
       0
       0
       1
       2
       1
       2
       0
       0
       1
       1
       1
       1
       3
       1
       2
       1
       1
       2
       1
       1
       2
       0
       0
       2
       0
       1
       0
       0
       1
       1
       1
       2
       0
       3
       1
       0
       2
       2
       0
       0
       1
       1
       2
       1
       2
       0
       2
       4
       0
       1
       0
       1
       2
       0
       0
       1
       1
       1
       1
       0
       1
       1
       2
       0
       0
       1
       1
       1
       0
       0
       1
       0
       1
       0
       0
       0
       2
       0
       0
       1
       1
       0
       1
       1
       1
       0
       0
       0
       0
       0
       0
       0
       0
       0
       2
       1
       0
       0
       2
       1
       0
       2
       1
       4
       3
       1
       0
       0
       0
       1
       0
       0
       0
       3
       0
       2
       2
       2
       0
       3
       2
       1
       0
       0
       0
       2
       0
       2
       2
       2
       0
       0
       3
       0
       2
       1
       3
       0
       0
       0
       2
       0
       0
       3
       1
       0
       1
       0
       1
       3
       1
       1
       1
       1
       2
       2
       1
       2
       0
       1
       2
       2
       1
       1
       1
       1
       0
       0
       1
       2
       2
       1
       2
       0
       2
       1
       2
       0
       0
       3
       2
       0
       1
       2
       2
       0
       1
       0
       0
       0
       1
       1
       1
       1
       1
       1
       0
       3
       2
       0
       1
       0
       0
       1
       1
       1
       1
       2
       3
       2
       3
       2
       0
       1
       0
       2
       1
       1
       1
       0
       3
       2
       0
       0
       1
       0
       2
       0
       0
       1
       0
       0
       1
       1
       0
       3
       1
       0
       1
       2
       2
       1
       2
       3
       0
       1
       2
       2
       0
       1
       1
       2
       2
       1
       1
       1
       3
       1
       1
       1
       1
       0
       1
       1
       0
       1
       2
       1
       0
       1
       1
       1
       2
       1
       1
       1
       0
       4
       0
       0
       2
       1
       1
       1
       2
       0
       1
       1
       3
       1
       1
       1
       1
       3
       2
       2
       1
       1
       1
       2
       2
       1
       0
       0
       0
       1
       1
       2
       0
       2
       1
       1
       1
       1
       2
       1
       0
       3
       2
       2
       1
       1
       0
       1
       0
       3
       1
       1
       3
       0
       1
       0
       0
       1
       1
       1
       0
       3
       3
       0
       2
       0
       0
       1
       2
       1
       2
       0
       4
       2
       2
       2
       2
       1
       2
       2
       1
       3
       4
       3
       1
       0
       2
       0
       0
       2
       4
       0
       0
       0
       2
       1
       2
       1
       3
       2
       1
       1
       2
       1
       0
       1
       0
       0
       1
       1
       1
       2
       2
       2
       0
       1
       2
       0
       0
       0
       1
       2
       0
       1
       1
       0
       1
       1
       4
       0
       2
       3
       1
       2
       1
       2
       2
       0
       1
       1
       2
       0
       1
       0
       0
       0
       2
       0
       3
       0
       1
       1
       1
       0
       0
       0
       1
       0
       0
       2
       0
       1
       1
       0
       1
       0
       0
       1
       1
       1
       0
       0
       2
       0
       2
       1
       2
       0
       0
       0
       1
       0
       1
       0
       0
       1
       0
       0
       0
       0
       1
       1
       0
       0
       0
       0
       1
       1
       0
       2
       0
       0
       1
       2
       0
       0
       0
       0
       1
       0
       0
       0
       0
       2
       0
       0
       0
       2
       0
       1
       0
       0
       1
       0
       0
       1
       0
       0
       0
       1
       0
       1
       0
       1
       0
       1
       1
       1
       2
       0
       0
       2
       1
       1
       1
       1
       0
       4
       0
       2
       0
       0
       1
       7
       2
       2
       1
       3
       1
       1
       0
       1
       1
       0
       1
       1
       1
       0
       2
       0
       0
       1
       0
       1
       1
       0
       0
       1
       0
       0
       1
       1
       0
       0
       2
       0
       0
       2
       1
       2
       0
       0
       0
       0
       0
       0
       1
       2
       2
       0
       0
       0
       0
       2
       0
       2
       1
       0
       0
       0
       0
       0
       1
       0
       2
       0
       0
       1
       1
       0
       0
       1
       0
       0
       0
       0
       0
       2
       0
       0
       1
       2
       0
       0
       1
       1
       1
       0
       2
       1
       1
       0
       1
       1
       1
       1
       1
       1
       0
       0
       1
       0
       0
       0
       0
       0
       1
       1
       1
       0
       0
       0
       1
       0
       0
       0
       0
       0
       1
       0
       0
       0
       0
       1
       0
       0
       1
       0
       0
       1
       0
       0
       0
       0
       1
       0
       2
       1
       0
       0
       0
       0
       1
       1
       1
       0
       0
       0
       0
       0
       1
       0
       0
       0
       0
       0
       0
       0
       0
       0
       0
       0
       0
       0
       0
       0
       1
       1
       0
       0
       0
       0
       0
       0
       0
       0
       0
       0
       0
       1
       0
       0
       0
       0
       1
       0
       0
       0
       0
       1
       1
       0
       1
       0
       0
       2
       1
       3
       0
       0
       0
       0
       0
       0
       1
       0
       0
       0
       0
       0
       1
       2
       1
       1
       0
       0
       0
       0
       0
       0
       0
       0
       0
       0
       0
       0
       0
       0
       0
       0
       0
       0
       0
       0
       0
       0
       1
       1
       0
       0
       0
       0
       0
       0
       0
       0
       0
       1
       0
       0
       0
       1
       0
       0
       0
       0
       1
       0
       0
       0
       0
       0
       0
       0
       0
       0
       0
       1
       0
       0
       0
       0
       1
       0
       0
       0
       0
       1
       0
       0
       0
       0
       0
       0
       0
       0
       0
       0
       0
       0
       0
       0
       0
       0
       0
       0
       0
       0
       1
       0
       0
       0
       0
       0
       0
       1
       0
       0
       0
       0
       0
       0
       0
       0
       0
       0
       0
       0
       0
       0
       0
       0
       0
       0
       0
       0
       0
       0
       0
       0
       0
       0
       0
       0
       0
       0
       1
       0
       0
       0
       0
       0
       0
       1
       1
       2
       1
       0
       0
       1
       0
       0
       0
       0
       0
       0
       0
       1
       0
       0
       0
       1
       0
       0
       0
       0
       0
       0
       0
       0
       0
       0
       0
       2
       0
       1
       2
       0
       0
       0
       0
       1
       0
       3
       3
       5
       2
       7
      14
      14
      21
      28
      15
      24
      34
      23
      19
      16
       5
       8
       1
       2
       3
       0
       0
       0
       0
       2
       0
       0
       0
       0
       0
       0
       0
       1
       0
       0
       0
       0
       0
       0
       1
       0
       0
       0
       0
       0
       0
       0
       0
       0
       0
       0
       0
       0
       0
       0
       0
       0
       0
       0
       1
       0
       0
       0
       0
       0
       0
       0
       0
       0
       0
       0
       0
       0
       0
       0
       0
       0
       0
       0
       1
       0
       0
       0
       0
       0
       0
       0
       1
       0
       0
       0
       0
       0
       0
       0
       0
       0
       0
       0
       0
       0
       0
       0
       0
       0
       0
       0
       0
       0
       0
       0
       0
       1
       0
       1
       0
       0
       0
       0
       0
       0
       0
       0
       0
       0
       1
       0
       0
       0
       0
       0
       0
       0
       0
       0
       0
       0
       0
       0
       0
       0
       0
       0
       0
       0
       0
       0
       1
       0
       0
       0
       0
       0
       0
       0
       0
       0
       0
       0
       0
       0
       0
       0
       1
       0
       0
       0
       0
       0
       0
       0
       0
       0
       0
       0
       0
       0
       0
       0
       0
       0
       1
       0
       0
       1
       0
       0
       0
       0
       0
       0
       0
       0
       0
       0
       1
       0
       0
       0
       1
       0
       0
       0
       0
       0
       0
       0
       0
       0
       0
       0
       0
       0
       0
       0
       0
       0
       0
       0
       0
       0
       0
       0
       0
       0
       0
       0
       0
       1
       0
       0
       0
       0
       0
       0
       0
       0
       0
       0
       0
       0
       0
       0
       0
       0
       0
       0
       0
       0
       0
       1
       0
       0
       0
       0
       0
       0
       0
       0
       0
       0
       0
       0
       0
       0
       0
       1
       0
       0
       0
       0
       0
       0
       0
       0
       0
       0
       0
       0
       0
       0
       0
       0
       0
       0
       0
       0
       1
       0
       0
       0
       0
       0
       0
       0
       0
       0
       0
       0
       0
       0
       0
       0
       0
       0
       0
       0
       0
       0
       0
       0
       0
       0
       0
       0
       0
       0
       0
       0
       0
       0
       0
       0
       0
       0
       0
       0
       0
       0
       0
       0
       0
       0
       0
       0
       0
       0
       0
       0
       0
       0
       1
       0
       0
       0
       0
       0
       0
       0
       0
       0
       0
       0
       0
       0
       0
       0
       0
       0
       0
       0
       0
       0
       0
       0
       0
       0
       0
       0
       0
       0
       0
       0
       0
       0
       0
       0
       0
       0
       0
       0
       1
       0
       0
       0
       0
       0
       0
       0
       1
       0
       0
       0
       0
       0
       0
       0
       1
       0
       0
       1
       0
       0
       0
       1
       0
       1
       1
       0
       0
       0
       0
       0
       0
       0
       1
       0
       0
       0
       0
       0
       0
       0
       0
       0
       0
       0
       0
       0
       0
       0
       0
       0
       0
       0
       0
       0
       0
       0
       0
       0
       0
       0
       0
       0
       0
       0
       0
       0
       0
       0
       0
       0
       0
       0
       0
       0
       1
       0
       0
       0
       0
       0
       0
       0
       0
       0
       0
       0
       0
       0
       0
       0
       0
       0
       0
       0
       0
       0
       0
       0
       0
       0
       0
       0
       0
       0
       0
       0
       0
       0
       0
       0
       0
       0
       0
       0
       0
       0
       0
       0
       0
       0
       1
       0
       0
       0
       0
       0
       0
       0
       1
       0
       0
       0
       0
       0
       0
       0
       0
       0
       0
       0
       0
       0
       0
       0
       0
       0
       0
       0
       0
       0
       0
       0
       0
       0
       0
       0
       0
       1
       0
       0
       0
       0
       0
       0
       0
       0
       0
       0
       0
       0
       0
       0
       0
       0
       0
       0
       0
       1
       0
       0
       0
       0
       1
       0
       0
       0
       0
       0
       0
       0
       0
       0
       0
       0
       0
       0
       0
       0
       0
       0
       0
       0
       0
       0
       0
       0
       0
       0
       0
       0
       0
       0
       0
       0
       1
       0
       0
       0
       0
       1
       0
       0
       0
       0
       0
       0
       0
       0
       0
       0
       0
       0
       0
       0
       0
       0
       0
       0
       0
       0
       0
       0
       0
       0
       0
       0
       1
       0
       0
       0
       0
       0
       0
       0
       0
       0
       0
       0
       0
       0
       0
       0
       0
       0
       0
       0
       0
       0
       0
       0
       0
       0
       0
       0
       0
       0
       0
       0
       0
       0
       0
       0
       0
       0
       0
       1
       0
       0
       0
       0
       0
       0
       0
       0
       0
       0
       0
       0
       0
       0
       0
       0
       0
       0
       0
       0
       0
       0
       0
       0
       0
       0
       0
       0
       0
       0
       0
       0
       0
       0
       2
       0
       0
       0
       1
       0
       0
       1
       0
       0
       0
       0
       0
       0
       0
       0
       0
       0
       0
       0
       0
       0
       0
       0
       0
       0
       0
       1
       0
       0
       0
       0
       0
       0
       0
       0
       0
       0
       0
       0
       0
       0
       0
       0
       0
       0
       0
       0
       0
       0
       0
       0
       0
       0
       0
       0
       0
       0
       0
       0
       0
       0
       0
       0
       0
       0
       0
       0
       0
       0
       0
       0
       0
       0
       0
       0
       0
       0
       0
       0
       0
       0
       0
       0
       0
       0
       1
       0
       0
       0
       0
       0
       0
       0
       0
       0
       0
       0
       0
       1
       0
       0
       0
       0
       0
       0
       0
       0
       0
       0
       0
       0
       0
       0
       0
       0
       0
       0
       0
       0
       0
       0
       0
       0
       0
       0
       0
       0
       0
       0
       0
       0
       0
       0
       0
       0
       0
       0
       0
       0
       0
       0
       0
       0
       0
       0
       0
       0
       0
       0
       0
       0
       0
       0
       0
       0
       0
       0
       0
       0
       0
       0
       0
       0
       0
       0
       0
       0
       1
       0
       0
       0
       0
       0
       0
       0
       0
       0
       0
       0
       0
       0
       0
       0
       0
       0
       0
       0
       0
       0
       0
       0
       0
       0
       0
       0
       0
       0
       0
       0
       0
       0
       0
       0
       0
       0
       0
       0
       0
       1
       0
       1
       0
       0
       0
       0
       0
       0
       0
       0
       0
       0
       0
       0
       0
       1
       0
       0
       0
       0
       0
       0
       0
       0
       0
       0
       0
       0
       0
       0
       0
       0
       0
       0
       0
       1
       0
       0
       1
       0
       1
       0
       0
       0
       0
       0
       0
       0
       0
       0
       0
       0
       0
       0
       0
       0
       0
       0
       0
       0
       0
       0
       1
       0
       0
       0
       0
       0
       0
       0
       0
       0
       0
       0
       1
       0
       0
       0
       0
       0
       0
       0
       0
       0
       0
       0
       1
       0
       0
       0
       0
       0
       0
       0
       0
       0
       0
       0
       0
       0
       0
       0
       0
       0
       0
       0
       0
       0
       0
       0
       0
       0
       0
       0
       0
       0
       0
       0
       0
       0
       0
       0
       0
       0
       0
       0
       0
       0
       0
       0
       0
       0
       0
       0
       0
       0
       0
       0
       0
       0
       0
       0
       0
       0
       0
       0
       0
       0
       0
       0
       0
       0
       0
       0
       0
       0
       0
       0
       0
       0
       0
       0
       0
       0
       0
       0
       0
       0
       0
       0
       0
       0
       0
       0
       0
       0
       0
       0
       0
       0
       0
       0
       0
       0
       0
       0
       0
       0
       0
       0
       0
       0
       0
       1
       0
       0
       0
       0
       0
       0
       0
       0
       0
       0
       0
       0
       0
       0
       0
       0
       0
       0
       0
       0
       0
       0
       0
       0
       0
       0
       0
       0
       0
       0
       0
       0
       0
       0
       0
       0
       0
       0
       0
       0
       0
       0
       0
       0
       0
       0
       0
       0
       0
       0
       0
       0
       0
       0
       0
       0
       0
       0
       0
       0
       0
       0
       0
       0
       0
       0
       0
       0
       0
       0
       0
       0
       0
       0
       0
       0
       0
       0
       0
       0
       0
       0
       0
       0
       0
       0
       0
       0
       0
       0
       0
       0
       0
       0
       0
       0
       0
       0
       0
       0
       0
       0
       0
       0
       0
       0
       0
       0
       0
       0
       1
       0
       0
       0
       0
       0
       0
       0
       0
       0
       0
       0
       0
       0
       0
       0
       0
       0
       0
       0
       0
       0
       0
       0
       0
       0
       0
       0
       0
       0
       0
       0
       0
       0
       0
       0
       0
       0
       0
       0
       0
       0
       1
       0
       0
       0
       0
       0
       1
       1
       0
       0
       0
       0
       0
       0
       0
       0
       0
       0
       0
       0
       0
       0
       0
       0
       0
       0
       0
       0
       0
       0
       0
       0
       0
       1
       0
       0
       0
       0
       0
       0
       0
       0
       0
       0
       0
       0
       0
       0
       0
       0
       0
       0
       0
       0
       1
       0
       0
       0
       0
       0
       0
       0
       0
       0
       0
       0
       0
       0
       0
       0
       0
       0
       0
       0
       0
       0
       0
       0
       0
       0
       0
       0
       0
       0
       0
       0
       0
       0
       0
       0
       0
       0
       0
       0
       0
       0
       0
       0
       0
       0
       0
       0
       0
       0
       0
       0
       0
       0
       0
       0
       0
       0
       0
       0
       0
       1
       0
       0
       0
       0
       0
       0
       0
       0
       0
       0
       0
       0
       0
       0
       0
       0
       1
       0
       0
       0
       0
       0
       0
       0
       1
       0
       0
       0
       0
       1
       0
       0
       0
       0
       0
       0
       0
       0
       0
       0
       0
       0
       0
       0
       0
       0
       0
       0
       0
       0
       0
       0
       1
       1
       0
       0
       0
       0
       0
       0
       0
       0
       0
       0
       0
       0
       0
       0
       0
       0
       0
       0
       0
       0
       0
       0
       0
       0
       0
       0
       0
       0
       0
       0
       0
       0
       0
       0
       0
       0
       0
       0
       0
       0
       0
       0
       0
       0
       0
       0
       0
       0
       1
       0
       0
       0
       0
       0
       0
       0
       0
       0
       0
       0
       0
       0
       0
       0
       0
       0
       0
       0
       0
       0
       0
       0
       0
       0
       0
       0
       0
       0
       0
       1
       0
       0
       0
       0
       0
       0
       0
       0
       1
       0
       0
       0
       0
       0
       0
       0
       0
       0
       0
       0
       0
       0
       0
       0
       0
       0
       0
       0
       0
       0
       0
       0
       0
       0
       0
       0
       0
       0
       0
       0
       0
       0
       0
       0
       0
       0
       0
       0
       0
       0
       0
       0
       0
       0
       0
       0
       0
       0
       0
       0
       0
       0
       0
       0
       0
       0
       0
       0
       0
       0
       0
       0
       0
       0
       0
       1
       0
       0
       0
       0
       0
       0
       0
       0
       0
       0
       0
       0
       0
       0
       0
       0
       0
       0
       0
       0
       0
       0
       0
       0
       0
       0
       1
       0
       0
       0
       0
       0
       0
       0
       0
       0
       0
       0
       0
       0
       0
       0
       0
       0
       0
       0
       0
       0
       0
       0
       0
       1
       0
       0
       1
       0
       0
       0
       0
       0
       0
       0
       0
       0
       0
       0
       0
       0
       0
       1
       0
       0
       0
       0
       0
       0
       0
       0
       0
       0
       1
       1
       0
       0
       0
       0
       0
       0
       0
       0
       0
       0
       0
       1
       0
       0
       0
       0
       0
       0
       0
       0
       0
       0
       0
       0
       0
       0
       0
       0
       0
       0
       0
       0
       0
       0
       0
       0
       0
       0
       0
       0
       0
       0
       0
       0
       0
       0
       0
       0
       0
       0
       0
       0
       0
       0
       0
       1
       0
       0
       0
       0
       0
       0
       0
       0
       0
       0
       0
       0
       0
       0
       0
       0
       0
       1
       0
       0
       0
       0
       0
       0
       0
       0
       0
       0
       1
       0
       0
       0
       0
       0
       0
       0
       0
       0
       0
       0
       0
       0
       0
       1
       0
       0
       0
       0
       0
       0
       0
       0
       0
       0
       0
       0
       0
       0
       0
       0
       0
       0
       0
       0
       0
       0
       0
       1
       0
       0
       0
       0
       0
       0
       0
       0
       0
       0
       0
       0
       0
       0
       0
       0
       0
       0
       0
       0
       0
       0
       0
       0
       0
       0
       0
       0
       0
       0
       0
       0
       0
       0
       0
       0
       0
       0
       0
       0
       0
       0
       0
       0
       0
       0
       0
       0
       0
       0
       0
       0
       0
       0
       0
       0
       0
       0
       0
       0
       0
       0
       0
       0
       1
       0
       0
       0
       0
       0
       0
       0
       0
       0
       0
       0
       0
       0
       0
       0
       0
       0
       0
       0
       0
       0
       0
       1
       0
       0
       0
       0
       0
       1
       0
       0
       0
       0
       0
       0
       0
       0
       0
       0
       0
       1
       0
       0
       0
       0
       0
       0
       1
       0
       0
       0
       0
       0
       0
       0
       0
       0
       0
       0
       0
       0
       0
       0
       0
       0
       0
       0
       0
       0
       0
       0
       0
       0
       0
       0
       0
       0
       0
       0
       0
       0
       0
       0
       0
       0
       0
       0
       0
       0
       0
       0
       0
       0
       0
       0
       0
       0
       0
       0
       0
       0
       0
       0
       0
       0
       0
       0
       0
       0
       0
       0
       0
       0
       0
       0
       0
       0
       0
       0
       0
       0
       0
       0
       0
       0
       0
       0
       0
       0
       0
       0
       0
       0
       0
       0
       0
       0
       0
       0
       0
       0
       0
       0
       0
       0
       0
       0
       0
       0
       0
       0
       0
       0
       0
       0
       0
       0
       0
       0
       0
       0
       0
       0
       0
       0
       0
       0
       0
       0
       0
       0
       0
       0
       0
       0
       0
       0
       0
       0
       0
       0
       0
       0
       0
       0
       0
       0
       0
       0
       0
       0
       0
       0
       0
       0
       0
       0
       0
       0
       0
       0
       0
       0
       0
       0
       0
       0
       0
       0
       0
       0
       0
       0
       0
       0
       0
       0
       0
       0
       0
       0
       0
       0
       0
       0
       0
       0
       0
       0
       0
       0
       0
       0
       0
       0
       0
       0
       0
       0
       0
       0
       0
       0
       0
       0
       0
       0
$ROI:
0
$PRESETS:
Live Time
3600
0
$ENER_FIT:
8.931054 0.240803
$MCA_CAL:
3
8.931054E+000 2.408025E-001 6.157388E-008 keV
$SHAPE_CAL:
3
9.658150E+000 -1.618950E-003 2.758845E-007
