$SPEC_ID:
No sample description was entered.
$SPEC_REM:
DET# 1
DETDESC# EPS-140909 Easy-MCA-8k SN 16175454
AP# Maestro Version 7.01
$DATE_MEA:
03/07/2022 09:23:22
$MEAS_TIM:
3600 3602
$DATA:
0 8191
       0
       0
       0
       0
       0
       0
       0
       0
       0
       0
       0
       0
       0
       0
       0
       0
       0
       0
       0
       0
       0
       0
       0
       0
       0
       0
       0
       0
       0
       0
       0
       0
       0
       0
       0
       0
       0
       0
       0
       0
       1
      11
     322
     383
     227
     222
     198
     175
     183
     210
     203
     193
     204
     208
     242
     263
     255
     318
     242
     247
     225
     185
     228
     209
     223
     217
     239
     228
     197
     217
     201
     210
     195
     233
     239
     247
     254
     241
     220
     228
     235
     235
     210
     249
     263
     240
     252
     241
     264
     230
     247
     224
     232
     212
     249
     237
     254
     240
     245
     249
     228
     272
     278
     283
     300
     257
     244
     265
     316
     324
     287
     324
     338
     351
     339
     331
     351
     353
     343
     371
     395
     392
     404
     362
     393
     405
     462
     448
     482
     466
     494
     504
     500
     482
     540
     515
     508
     519
     578
     584
     611
     608
     612
     571
     627
     632
     654
     669
     685
     705
     645
     664
     679
     670
     696
     675
     678
     690
     710
     700
     692
     727
     735
     712
     726
     724
     741
     847
     954
    1099
    1263
    1328
    1195
    1244
    1470
    1601
    1612
    1385
    1062
     871
     885
     850
     794
     735
     697
     691
     704
     712
     734
     767
     742
     737
     766
     722
     801
     785
     839
     988
    1021
    1063
     985
     859
     860
     794
     884
     836
     742
     740
     722
     711
     713
     734
     702
     685
     753
     716
     734
     728
     702
     655
     676
     692
     711
     660
     689
     625
     663
     678
     663
     671
     639
     629
     630
     675
     615
     632
     640
     646
     608
     596
     651
     644
     639
     643
     616
     626
     584
     642
     606
     629
     607
     589
     573
     611
     585
     560
     595
     551
     580
     598
     574
     576
     553
     554
     583
     576
     572
     576
     551
     561
     579
     540
     544
     571
     534
     519
     560
     572
     555
     505
     558
     516
     533
     531
     553
     476
     523
     524
     540
     554
     484
     483
     494
     508
     505
     523
     511
     473
     511
     498
     472
     524
     506
     469
     478
     507
     515
     507
     481
     460
     464
     479
     509
     457
     454
     485
     476
     482
     438
     412
     457
     434
     458
     429
     412
     440
     461
     410
     416
     437
     449
     444
     448
     443
     444
     435
     414
     410
     424
     408
     399
     421
     436
     422
     393
     418
     408
     400
     388
     351
     393
     385
     409
     371
     347
     390
     360
     361
     396
     378
     392
     342
     356
     387
     374
     334
     364
     379
     386
     354
     345
     340
     314
     346
     337
     309
     344
     352
     325
     343
     315
     293
     324
     295
     316
     313
     314
     320
     296
     312
     319
     281
     305
     319
     313
     311
     311
     298
     346
     296
     298
     305
     280
     310
     281
     311
     278
     282
     301
     282
     311
     291
     272
     273
     256
     253
     286
     262
     233
     260
     263
     307
     265
     247
     274
     250
     272
     291
     261
     278
     277
     254
     306
     280
     294
     280
     279
     246
     231
     235
     250
     264
     255
     235
     221
     250
     235
     258
     240
     216
     222
     207
     219
     259
     241
     235
     236
     259
     221
     207
     225
     251
     241
     226
     200
     223
     218
     224
     241
     221
     202
     228
     226
     214
     199
     190
     226
     215
     224
     214
     216
     219
     201
     210
     206
     216
     214
     199
     211
     213
     207
     218
     180
     215
     206
     206
     188
     194
     170
     199
     195
     210
     161
     190
     178
     209
     209
     181
     186
     173
     197
     173
     183
     181
     201
     191
     186
     184
     204
     163
     186
     179
     181
     185
     177
     179
     174
     167
     153
     174
     165
     176
     173
     149
     183
     173
     167
     177
     163
     145
     158
     145
     181
     162
     148
     144
     167
     171
     161
     172
     153
     150
     140
     164
     162
     220
     281
     301
     314
     310
     245
     226
     196
     170
     181
     188
     160
     150
     152
     141
     142
     130
     128
     135
     145
     131
     134
     138
     132
     150
     136
     117
     141
     128
     130
     113
     134
     133
     153
     126
     135
     138
     121
     137
     125
     125
     114
     121
     118
     124
     108
     115
     118
     115
     101
     124
     138
      93
     131
     119
     119
      81
     119
     113
     111
     116
     118
     128
     109
     131
      95
     109
     116
     110
     115
      97
     105
     105
     117
     117
     106
     135
     133
     125
     135
     115
     110
     120
     113
      87
     109
      96
     110
     109
     113
     119
     124
     112
     116
     118
     103
     103
      85
      97
      98
     105
      93
      91
      81
      95
     109
     106
      88
     110
     100
      86
      86
      85
      90
      82
      90
      96
      82
      85
      81
      96
      79
      82
      92
      88
      90
      90
      82
      60
      99
      80
      83
     112
     147
     154
     159
     142
     108
     106
      89
     104
      85
      81
      78
     108
      88
      99
      75
      86
      90
      84
      72
      73
      78
      91
      67
      81
      73
      69
      79
      78
      73
      75
      83
      81
      75
      95
      81
      67
      89
      80
      67
      87
      79
      75
      73
      78
      67
      77
      80
      67
      82
      78
      68
      97
      80
      90
      73
      67
      71
      73
      83
      86
      63
      67
      70
      73
      68
      53
      63
      69
      71
      78
      74
      69
      58
      65
      65
      78
      88
      67
      90
      92
      77
      66
      60
      64
      70
      58
      64
      51
      73
      67
      80
      69
      63
      63
      73
      77
      63
      68
      66
      82
      86
      99
     105
      89
      93
      94
      75
      82
      49
      61
      58
      53
      60
      67
      72
      67
      76
      62
      59
      62
      62
      67
      56
      79
      48
      54
      77
      72
      69
      64
      85
      77
      96
     153
     187
     188
     126
      92
      67
      59
      46
      60
      51
      56
      61
      51
      52
      57
      48
      67
      58
      61
      55
      56
      40
      48
      57
      35
      53
      40
      51
      47
      52
      73
      64
      51
      65
      59
      59
      58
      54
      49
      48
      56
      47
      60
      50
      59
      61
      60
      56
      58
      44
      45
      52
      69
      57
      42
      52
      50
      36
      54
      56
      43
      48
      54
      60
      45
      47
      52
      53
      48
      53
      53
      56
      37
      46
      50
      55
      57
      59
      50
      50
      53
      47
      46
      64
      51
      61
      60
      51
      46
      51
      68
      56
      42
      52
      48
      29
      55
      48
      41
      45
      38
      43
      47
      38
      47
      38
      43
      45
      57
      55
      37
      51
      40
      40
      39
      45
      51
      48
      41
      49
      54
      35
      45
      54
      58
      42
      52
      51
      34
      38
      41
      35
      50
      38
      42
      53
      55
      47
      46
      36
      47
      35
      34
      43
      45
      39
      48
      40
      43
      40
      44
      48
      49
      38
      44
      39
      44
      33
      45
      38
      46
      34
      36
      42
      30
      48
      32
      35
      45
      40
      39
      44
      43
      40
      24
      43
      44
      42
      42
      36
      38
      33
      37
      43
      50
      29
      45
      29
      46
      33
      39
      33
      48
      37
      42
      32
      32
      51
      29
      51
      41
      44
      43
      42
      42
      48
      39
      41
      36
      31
      33
      35
      37
      36
      45
      39
      31
      27
      45
      44
      36
      35
      37
      28
      37
      35
      35
      43
      35
      32
      42
      34
      39
      36
      31
      38
      30
      33
      37
      38
      36
      48
      27
      41
      36
      31
      31
      35
      34
      34
      32
      33
      27
      33
      34
      44
      26
      40
      31
      45
      44
      60
      50
      36
      33
      34
      34
      21
      33
      34
      21
      23
      35
      23
      33
      34
      30
      30
      39
      35
      27
      33
      38
      35
      33
      33
      22
      32
      29
      32
      36
      35
      29
      40
      44
      33
      34
      39
      29
      33
      33
      26
      32
      35
      37
      31
      33
      33
      30
      29
      36
      35
      36
      32
      40
      32
      34
      42
      34
      36
      27
      26
      24
      35
      40
      26
      24
      33
      40
      36
      29
      33
      28
      33
      33
      28
      34
      31
      29
      26
      41
      30
      35
      40
      17
      21
      32
      31
      39
      34
      33
      27
      30
      32
      30
      30
      29
      36
      35
      36
      29
      29
      40
      37
      30
      33
      33
      29
      57
      55
      59
      73
      82
      99
      59
      70
      55
      46
      44
      40
      17
      35
      31
      37
      31
      35
      24
      37
      22
      25
      34
      22
      33
      33
      31
      25
      28
      36
      24
      28
      31
      24
      32
      33
      22
      37
      27
      22
      34
      26
      34
      20
      29
      19
      28
      29
      26
      27
      28
      28
      26
      26
      31
      29
      22
      24
      24
      29
      23
      26
      21
      25
      29
      26
      41
      27
      39
      35
      29
      32
      25
      27
      34
      24
      24
      16
      24
      21
      34
      36
      30
      20
      24
      27
      32
      31
      25
      25
      22
      19
      19
      27
      23
      24
      20
      34
      22
      24
      23
      30
      19
      30
      29
      24
      34
      17
      30
      20
      41
      26
      18
      38
      19
      26
      29
      30
      18
      23
      18
      29
      30
      31
      33
      20
      34
      17
      25
      21
      29
      20
      24
      26
      31
      24
      23
      27
      31
      29
      36
      41
      33
      25
      21
      24
      19
      26
      19
      27
      29
      31
      24
      25
      20
      33
      23
      26
      24
      22
      29
      30
      29
      31
      26
      27
      34
      37
      31
      48
      50
      62
      92
      86
      85
      57
      42
      31
      31
      26
      26
      27
      32
      35
      18
      14
      20
      20
      26
      32
      24
      26
      24
      26
      25
      23
      16
      17
      25
      29
      22
      29
      23
      27
      28
      25
      25
      25
      26
      26
      19
      22
      18
      26
      23
      25
      28
      20
      29
      15
      20
      22
      30
      16
      21
      20
      27
      28
      17
      33
      43
      53
      86
     108
     129
     120
      97
      38
      38
      30
      24
      22
      32
      17
      25
      10
      25
      19
      30
      20
      29
      24
      23
      18
      21
      20
      24
      30
      21
      26
      14
      26
      22
      21
      16
      20
      33
      25
      28
      24
      27
      20
      25
      15
      29
      14
      19
      15
      18
      19
      20
      19
      22
      25
      17
      26
      24
      17
      18
      17
      33
      18
      15
      18
      25
      19
      28
      19
      18
      19
      14
      20
      26
      19
      18
      21
      23
      22
      15
      22
      19
      19
      19
      18
      19
      23
      34
      26
      11
      15
      13
      23
      14
      15
      18
      21
      24
      23
      17
      14
      27
      20
      18
      23
      21
      27
      18
      14
      17
      24
      14
      19
      20
      12
      27
      22
      15
      22
      14
      17
      15
      28
      19
      30
      31
      33
      46
      31
      43
      34
      23
      20
      21
      31
      23
      13
      26
      27
      28
      21
      19
      21
      23
      15
      14
      18
      23
       9
      18
      20
      18
      15
      12
      13
      16
      20
      19
      21
      14
      21
      21
      28
      16
      25
      24
      11
      20
      17
      19
      16
      18
      18
      23
      14
      17
      20
      18
      18
      18
      14
      24
      23
      22
      18
      22
      13
      16
      18
      20
      20
      22
      24
      15
      22
      22
      19
      22
      13
      19
      20
      16
      16
      18
      18
      13
      20
      23
      21
      17
      16
      15
      20
      16
       9
      25
      23
      17
      14
      21
      30
      15
      29
      19
       9
      30
      19
      22
      14
      17
      16
      15
      16
      17
      19
      24
      18
      16
      18
      19
      23
      13
      18
      16
      18
      17
      21
      23
      25
      19
      19
      21
      14
      15
      19
      19
      22
      25
      18
       8
      20
      24
      18
      22
      25
      15
      19
      12
      14
      22
       9
      22
      20
      14
      17
      22
      19
      26
      26
      34
      36
      34
      29
      22
      17
      25
      18
      15
      11
      16
      24
      21
      17
      12
      22
      11
      13
      17
       9
      16
      19
      23
      19
      16
      18
      21
      18
      25
      13
      20
      20
      18
      15
      13
      20
      17
      27
      14
      23
      20
      11
      25
      13
      18
      15
      21
      17
      22
      19
      29
      12
      25
      20
      18
      13
      24
      12
      24
      13
      13
      14
      20
      19
      19
      19
      19
      12
      19
      15
      13
      17
       9
      18
      10
      24
      18
      22
      17
      20
      19
      15
      14
      23
      18
      16
      13
      12
      15
      22
      20
      15
      24
      11
      16
      26
      21
      25
      22
      23
      26
      17
      14
      19
      16
      22
      19
      21
      16
      18
      12
      19
      15
      15
      12
      14
      21
       7
      17
      23
      11
      17
      16
      12
      14
      14
      15
      16
      13
      17
      12
      12
      27
      20
      18
      23
      18
      15
      21
      18
      14
      14
      14
      22
      11
      11
      19
      17
      14
       9
      15
      14
      12
      12
      18
      21
      17
      21
      28
      16
      30
      20
      17
      14
      13
      19
      15
       9
      12
      26
      19
      13
      12
      12
      18
      11
      12
      15
      16
      14
      22
      10
      17
      16
      11
      18
      18
      18
      17
      14
      16
      16
      16
       5
      18
       9
      18
      18
      16
      16
      14
      11
      12
      17
      10
      19
      13
      16
      26
      20
      12
      11
      18
      14
      10
      19
      14
      19
      16
      14
      17
      13
      15
      15
      17
      19
       6
      13
      15
      17
      11
      18
      12
      13
      11
      17
      27
      18
      20
      16
      12
      20
      16
      18
      11
       9
      16
      10
      15
       8
      17
      17
      11
      18
      25
      11
      14
      12
      13
      15
      14
      17
      17
      21
      10
      19
      16
      14
      15
      18
      17
      11
      16
      12
       8
      18
      13
      10
       9
      17
      15
      15
      21
      17
      13
      22
      19
      10
      15
      15
      16
       7
       7
      19
       6
      19
      14
      14
      14
      10
       8
      16
      20
      12
      13
       8
      19
      16
      14
      18
      15
      20
      17
      23
      14
      19
       6
      14
      13
       8
       8
       9
      15
      17
      15
      10
      13
      12
       8
      11
      12
       8
      11
      17
       9
      15
      14
      10
      21
      22
      18
       6
      15
      22
      13
      12
      14
      11
      15
       9
      10
      17
      15
      11
      13
      12
      19
      21
      18
      14
      11
      16
      18
      12
      18
      11
      13
      13
      13
      15
      19
      12
       8
      14
      23
      20
      12
      12
      17
      14
      20
      11
      19
      20
      14
       7
      11
      13
      14
      16
       9
      12
      12
      16
      13
      13
      16
       9
      16
      12
      12
      10
       8
      10
      13
      17
      12
      12
      11
      10
      13
      10
      11
      19
       8
      13
      16
      17
      10
      14
      11
      17
      15
      17
      16
      17
      24
      32
      49
      55
      61
      68
      52
      34
      19
      14
      12
       6
      16
      13
      10
      16
      13
      18
       8
       8
       3
      16
      14
      15
       8
       9
      11
      16
      15
       9
      15
       6
      10
      10
      15
       8
      11
      14
       8
      12
      17
      16
       9
       7
      15
       6
      14
      11
      10
      20
      13
       7
       9
      10
      15
      11
       8
      22
      23
       8
      18
      11
      12
       9
      17
      10
      14
      12
      14
      12
      17
       5
       9
      12
      11
      10
      10
      14
      13
       8
      19
      16
      17
       9
      20
       8
      10
       9
      11
       4
      18
      10
      20
      15
      15
      21
       9
      19
      15
      14
      15
      14
      13
       7
      15
      15
      11
      12
      17
      12
      13
       7
      15
      19
      14
      13
      17
      16
      19
      19
       9
      16
      19
      12
      13
      15
      18
      15
      32
      23
      28
      17
      18
      14
      15
      22
      23
      34
      40
      38
      51
      32
      26
      17
      14
      18
      10
      14
      17
      15
      10
       7
      10
      15
      12
       9
      14
       6
      18
      12
       7
      11
       9
      10
      10
      10
      10
       9
       9
      11
       9
      12
      14
      13
      16
      14
      10
      11
      10
      12
       7
      12
      12
      10
      10
      17
       9
      12
      10
      10
      13
      10
       8
       6
      10
      15
      18
      15
       9
      10
      11
      10
       5
       9
       9
      18
      12
       7
      11
      14
       7
       5
      11
      13
      18
      13
      13
      12
      16
       7
      10
      14
      15
       9
      13
       9
      11
      11
       6
      10
       8
       8
      10
      10
      12
      14
      13
      14
      14
       7
      16
      12
       6
      10
       6
       7
       6
       9
      13
      13
      17
       7
      22
      10
       9
      14
       5
      12
       9
      11
      20
       9
      13
      14
       8
       6
       5
       8
      13
      14
      15
       8
       9
      10
      10
       7
      12
       5
       9
      10
      15
      17
      17
       7
      16
      16
       7
      12
      10
       6
       9
       7
      12
      14
       4
      14
       8
       8
       7
       8
      19
      19
      11
       5
       6
      11
       7
      12
      14
      12
      15
      17
       7
      15
       7
      19
      13
       8
      14
      12
      15
      11
      11
      15
       9
      16
       9
      12
      13
      11
      14
      10
      12
      12
      11
       7
      13
      13
      11
      10
      14
      11
      12
       9
      13
      10
      10
      13
      10
      10
       7
      12
      11
      14
      13
      14
       9
      13
      13
      20
      14
      13
      13
      19
      14
      10
       7
      15
      10
       6
      10
      10
      16
      12
      13
      12
      15
      10
      11
      13
       5
       9
      10
       8
       8
       8
      11
      11
       4
      14
       8
      12
      15
       7
      11
      13
      15
       7
       8
       8
      13
      17
      12
       8
      13
      12
      12
      11
      14
      11
       8
      11
       9
      10
       8
       9
       9
      18
       9
      14
      10
      16
      11
      10
       5
      10
      14
       6
      12
      14
      14
      11
       7
      13
       7
      10
       8
      18
      10
      11
      12
       9
       7
       9
      13
      11
      18
       5
      12
      11
       8
      19
      17
       8
       8
       7
      13
       7
      13
      11
      12
       9
      12
      12
       8
      14
      11
      11
      14
      10
      12
      22
       6
      11
      12
       9
      10
      13
      12
      26
      33
      25
      21
      21
      24
      14
      15
      15
      10
      16
      31
      36
      36
      33
      28
      18
      13
      10
      12
      14
      14
      10
      18
      11
       8
       6
       4
      10
      14
       5
      10
      14
      10
       7
      13
       8
      19
      10
      14
       8
       9
      16
       6
       2
       6
      13
      16
      10
       8
       7
      12
      15
      10
       5
      10
       7
       7
      11
      16
      12
       8
      12
      11
      13
       9
      11
      15
      11
       6
      15
      14
      11
       9
       8
      11
      14
      10
      15
       6
       7
      11
      10
      10
       4
       5
      15
      16
      14
       8
       9
      16
      17
      10
      15
      11
      11
       7
       6
      11
      16
      15
       6
       6
      12
      10
       6
      11
       9
       7
      13
      14
      11
      18
      11
      13
      13
      15
      10
       7
      12
      13
      14
      13
      12
       8
       8
       8
      11
      13
      11
      14
      17
      14
      25
      27
      40
      38
      29
      22
      12
      10
      13
      13
       4
      11
      10
       9
       8
      11
      13
      10
      14
       9
      13
       9
      13
      16
      19
      15
      11
      16
      14
      12
       7
      10
      13
      14
      16
       8
      11
      13
      13
      13
      14
      10
      17
      10
      11
       5
      10
      12
      13
      14
      11
      11
       7
      14
       9
       8
       8
       9
       8
       7
      10
       8
      11
       6
       9
      14
      10
      10
       6
      13
       2
      14
      11
       6
      13
      16
      10
      19
      11
       7
       9
       7
      17
      14
       6
       9
       6
       8
      13
      11
      11
       8
      15
      14
      18
      11
      10
      14
       5
       7
      12
      12
       9
      11
       8
      10
      10
      11
      17
      13
      11
      12
       8
      13
      11
      12
      10
      15
       9
      11
      13
      12
      18
      17
       7
       9
      10
      11
      13
       8
       8
       8
      11
      14
       8
      10
      11
      10
      10
      10
       5
      13
       5
       8
      12
       8
       9
      10
       9
      11
      13
      22
       9
      16
      21
      21
      17
      19
      11
      15
      15
      14
      20
       7
       5
       9
      10
      14
      10
       8
       7
      12
      11
       6
      14
      11
       9
       8
      13
      15
      14
       8
      10
      11
       7
       7
       6
       5
       7
      11
      11
       4
      10
       5
      10
      10
       9
       9
       8
       9
       6
       8
       9
       4
      10
       8
       6
      10
      10
       6
      12
       4
       4
       9
       4
       3
       7
       9
       9
       9
       9
       4
       8
       7
      12
       5
       6
       6
       3
       8
       8
      10
      12
       8
       6
      10
       7
      13
       4
       9
       9
      11
       9
       7
       7
       5
       6
      15
      12
      14
       8
      10
       7
      13
      11
      13
       7
      14
       6
       7
       9
       6
      11
       4
       9
       8
       7
      10
       4
       2
       7
       7
       5
       7
       6
       8
       8
       5
       8
       6
       4
       5
      10
      10
       3
       9
       2
       9
       6
       7
       5
       8
       2
       3
      11
       4
       3
       3
       6
       4
       8
       5
       9
       8
       6
       9
       7
       7
       6
      11
       7
       6
       6
       9
       6
       6
       2
       7
       5
       5
       7
       4
       5
       6
       8
       4
       9
       8
       5
       5
       6
       7
       3
       8
      12
       4
       7
       3
       7
      10
       2
       7
       6
       8
       6
       8
       3
       7
       8
       6
       7
       5
       7
       2
       5
       1
       3
       8
      11
       5
       6
       5
      10
       4
       6
       3
       2
      11
       3
       8
      16
      11
      21
      25
      31
      22
      19
      11
       8
      12
       8
       6
       5
       4
       9
       7
       1
       3
      10
       2
       5
       8
       4
       3
       5
       3
       1
       3
       7
       4
       7
       8
       2
       2
       1
       8
       4
       1
       5
       5
       6
       5
       4
       5
       2
       3
       4
       4
       5
       4
       4
       1
       8
       5
       2
       6
       4
       3
       3
       3
       4
       4
       4
       4
       5
       7
       0
       7
       7
       5
       2
       7
       6
       6
       6
       3
       4
       4
       4
       2
       6
       4
       6
       4
       5
       7
       4
       2
       4
       3
       2
       3
       4
       2
       7
       6
       2
       6
       6
       8
       2
       6
       5
       5
       2
       8
       5
       7
       8
      10
       7
      10
       7
       7
       2
       4
       7
       6
       2
       2
       4
       2
       0
       2
       2
       1
       4
       4
       3
       8
       8
       7
       3
       1
       4
       2
       6
       3
       4
       2
       5
       5
       5
       1
       3
       3
       5
       2
       2
       3
       1
       5
       1
       4
       5
       2
       4
       3
       5
       3
       5
       4
       7
       6
      10
       5
       8
       1
       6
       4
       4
       7
      10
       2
       3
       7
       6
       5
       7
      14
       7
      12
       8
       6
       7
       2
       8
       3
       5
       5
       2
       3
       4
       2
       3
       2
       3
       9
       4
       3
       7
       3
       4
       3
       0
       6
       3
       2
       8
       2
       4
       6
       0
       1
       4
       2
       3
       3
       2
       0
       4
       4
       4
       3
       1
       5
       5
       3
       2
       2
       4
       0
       4
       0
       3
       2
       6
       3
       3
       4
       2
       0
       9
       4
       1
       4
       1
       3
       3
       2
       3
       5
       0
       2
       6
       0
       2
       2
       3
       7
       2
       1
       4
       3
       4
       8
       2
       1
       4
       2
       7
       6
       2
       2
       1
       1
       7
       6
       2
       3
       3
       1
       2
       0
       3
       5
       1
       4
       2
       4
       6
       4
       7
       8
       6
      11
       7
      11
      48
      63
     111
     164
     233
     242
     221
     200
     118
      65
      41
      15
      10
       7
       2
       4
       1
       2
       3
       3
       1
       3
       6
       2
       0
       5
       3
       2
       4
       2
       4
       2
       4
       3
       2
       0
       1
       3
       2
       0
       2
       1
       2
       1
       1
       5
       2
       4
       2
       6
       4
       4
       4
       1
       2
       1
       2
       3
       3
       4
       1
       1
       4
       1
       6
       7
       1
       1
       1
       3
       1
       2
       0
       4
       0
       2
       1
       1
       1
       3
       0
       0
       3
       4
       3
       3
       5
       4
       6
       2
       0
       1
       1
       5
       1
       2
       2
       4
       6
       4
       2
       1
       3
       4
       0
       1
       3
       2
       2
       3
       5
       2
       7
       2
       1
       8
       6
       7
      10
       5
       4
       3
       2
       3
       6
       2
       2
       2
       1
       1
       3
       3
       2
       3
       6
       1
       1
       3
       1
       2
       3
       4
       0
       2
       3
       1
       1
       2
       1
       2
       0
       2
       2
       2
       6
       0
       2
       5
       3
       2
       3
       3
       0
       2
       2
       2
       2
       1
       1
       2
       3
       0
       2
       3
       1
       2
       3
       0
       2
       3
       1
       0
       3
       1
       3
       3
       2
       4
       5
       4
       4
       1
       1
       1
       2
       0
       6
       3
       2
       3
       2
       1
       1
       2
       3
       4
       1
       3
       1
       0
       2
       2
       2
       0
       1
       3
       0
       1
       2
       1
       2
       3
       4
       3
       2
       0
       1
       1
       3
       2
       1
       2
       1
       1
       1
       4
       1
       2
       2
       1
       2
       0
       3
       2
       1
       0
       5
       3
       0
       4
       2
       0
       2
       1
       1
       2
       1
       0
       1
       0
       2
       2
       1
       1
       3
       1
       2
       1
       2
       2
       4
       2
       1
       0
       3
       1
       1
       3
       4
       3
       1
       2
       1
       5
       4
       0
       2
       4
       3
       0
       2
       4
       6
       5
       2
       1
       2
       1
       4
       4
       4
       8
       8
       2
       2
       1
       2
       3
       4
       6
       5
       8
      13
       6
       7
       5
       4
       5
       2
       0
       3
       1
       1
       1
       2
       2
       2
       1
       1
       2
       2
       2
       4
       1
       3
       1
       0
       3
       2
       0
       0
       2
       5
       3
       2
       3
       3
       2
       1
       2
       5
       3
       1
       1
       0
       3
       2
       2
       2
       3
       1
       2
       3
       0
       4
       3
       0
       2
       2
       3
       2
       1
       0
       1
       2
       4
       5
       3
       2
       3
       3
       3
       6
       3
       1
       1
       4
       1
       2
       2
       0
       4
       3
       4
       1
       2
       1
       1
       4
       6
       1
       3
       4
       1
       6
       3
       1
       2
       2
       1
       0
       4
       0
       1
       0
       1
       2
       3
       0
       2
       2
       2
       2
       0
       1
       2
       0
       3
       1
       2
       4
       2
       2
       3
       3
       1
       4
       1
       1
       0
       4
       2
       1
       3
       3
       2
       2
       2
       0
       1
       2
       0
       0
       3
       2
       2
       2
       1
       1
       0
       0
       3
       0
       0
       1
       1
       1
       3
       1
       0
       2
       2
       6
       3
       2
       5
       2
       1
       0
       2
       1
       2
       1
       2
       0
       1
       2
       1
       2
       0
       2
       4
       0
       1
       1
       0
       3
       7
       0
       1
       1
       2
       2
       1
       1
       3
       1
       2
       0
       1
       2
       1
       1
       2
       2
       4
       0
       1
       1
       0
       4
       0
       0
       2
       2
       1
       2
       2
       0
       2
       3
       0
       2
       1
       3
       2
       4
       0
       0
       2
       2
       2
       0
       0
       3
       2
       2
       0
       0
       1
       3
       0
       0
       1
       1
       1
       1
       3
       1
       1
       1
       0
       1
       2
       3
       1
       1
       1
       2
       1
       2
       3
       1
       5
       1
       5
       1
       0
       0
       2
       1
       3
       1
       0
       0
       2
       0
       0
       3
       2
       2
       2
       1
       2
       1
       1
       0
       2
       2
       2
       2
       2
       1
       1
       1
       2
       1
       1
       3
       6
       4
       0
       0
       1
       1
       0
       3
       3
       3
       2
       0
       2
       1
       1
       0
       1
       4
       1
       3
       2
       1
       6
       5
       4
       2
       3
       0
       0
       1
       1
       2
       1
       1
       1
       0
       2
       1
       2
       2
       1
       2
       2
       3
       0
       2
       3
       2
       0
       1
       2
       0
       2
       2
       2
       1
       1
       1
       1
       1
       1
       2
       2
       1
       2
       1
       3
       2
       0
       0
       0
       1
       1
       1
       2
       2
       0
       1
       2
       1
       1
       2
       0
       3
       0
       2
       2
       1
       3
       1
       4
       0
       1
       2
       0
       0
       1
       7
       2
       2
       6
      13
       9
      14
      21
      20
      17
      13
       4
       4
       3
       1
       2
       2
       3
       1
       0
       1
       1
       2
       0
       2
       3
       1
       1
       2
       1
       0
       0
       1
       1
       2
       1
       0
       1
       2
       1
       1
       1
       1
       1
       0
       2
       2
       1
       2
       1
       1
       2
       3
       2
       2
       1
       1
       1
       1
       0
       1
       0
       2
       2
       0
       0
       1
       2
       1
       1
       3
       0
       0
       0
       2
       1
       1
       3
       1
       0
       1
       1
       2
       1
       0
       2
       1
       0
       0
       1
       0
       2
       2
       1
       1
       1
       0
       1
       1
       3
       2
       1
       0
       2
       3
       1
       1
       2
       6
       0
       2
       2
       0
       1
       2
       0
       0
       1
       2
       0
       3
       1
       0
       3
       0
       0
       3
       2
       5
       0
       1
       0
       1
       2
       0
       0
       0
       0
       1
       1
       1
       1
       1
       1
       1
       0
       1
       1
       2
       1
       3
       1
       2
       0
       2
       0
       4
       0
       3
       0
       3
       0
       4
       2
       3
       3
       0
       4
       1
       2
       2
       1
       1
       1
       0
       1
       0
       1
       0
       4
       1
       2
       2
       1
       1
       0
       2
       0
       1
       3
       1
       2
       0
       0
       1
       0
       2
       2
       3
       1
       1
       2
       6
       3
       2
       1
       5
       2
       2
       1
       3
       2
       1
       2
       2
       1
       3
       0
       1
       3
       1
       2
       3
       1
       1
       0
       0
       2
       2
       1
       3
       2
       0
       2
       2
       4
       1
       0
       1
       1
       0
       0
       1
       2
       1
       0
       0
       1
       0
       0
       3
       3
       1
       1
       1
       1
       1
       1
       2
       1
       2
       0
       1
       1
       2
       1
       0
       0
       1
       1
       1
       2
       0
       1
       1
       0
       2
       0
       1
       1
       1
       2
       2
       3
       0
       2
       2
       1
       0
       1
       0
       1
       0
       0
       1
       3
       3
       5
       1
       2
       3
       1
       2
       2
       3
       3
       0
       2
       2
       0
       2
       1
       2
       2
       2
       3
       2
       2
       1
       1
       2
       2
       5
       0
       2
       2
       1
       1
       0
       0
       2
       2
       0
       2
       2
       0
       1
       1
       0
       0
       2
       0
       0
       1
       0
       1
       1
       1
       5
       4
       0
       1
       1
       0
       1
       1
       0
       1
       2
       2
       1
       0
       0
       0
       0
       0
       0
       0
       3
       0
       1
       0
       1
       1
       1
       1
       0
       1
       0
       1
       0
       2
       0
       2
       0
       1
       2
       0
       0
       1
       2
       1
       0
       0
       2
       2
       4
       1
       1
       1
       1
       1
       2
       2
       0
       1
       1
       0
       0
       4
       5
       1
       2
       1
       1
       2
       1
       2
       2
       1
       1
       1
       1
       1
       1
       0
       2
       2
       0
       1
       0
       1
       2
       3
       1
       4
       2
       0
       0
       2
       0
       1
       1
       2
       3
       1
       3
       1
       0
       0
       0
       0
       1
       2
       1
       2
       1
       0
       0
       2
       0
       3
       1
       2
       1
       3
       3
       2
       2
       2
       1
       1
       3
       1
       1
       0
       1
       1
       1
       1
       4
       0
       1
       2
       0
       0
       0
       3
       4
       0
       2
       1
       1
       2
       1
       0
       1
       2
       0
       1
       0
       1
       1
       5
       3
       1
       2
       0
       1
       2
       2
       0
       0
       0
       0
       2
       2
       0
       1
       0
       0
       0
       0
       1
       1
       1
       2
       1
       1
       0
       0
       1
       2
       0
       1
       1
       1
       0
       1
       1
       0
       3
       3
       3
       1
       0
       1
       2
       0
       1
       0
       0
       2
       0
       4
       2
       2
       1
       1
       3
       2
       0
       0
       0
       0
       1
       1
       2
       0
       0
       1
       1
       1
       0
       0
       2
       1
       0
       2
       0
       1
       3
       1
       4
       1
       1
       3
       0
       0
       1
       2
       3
       1
       1
       2
       2
       0
       0
       0
       0
       1
       5
       1
       0
       0
       1
       2
       1
       3
       0
       0
       1
       3
       1
       0
       2
       0
       0
       1
       3
       0
       1
       0
       0
       0
       1
       1
       1
       3
       1
       0
       2
       0
       2
       0
       1
       1
       1
       0
       1
       1
       0
       0
       0
       4
       3
       1
       0
       0
       1
       0
       3
       1
       1
       0
       2
       2
       1
       1
       0
       1
       1
       1
       2
       0
       1
       1
       2
       0
       1
       2
       0
       0
       2
       1
       1
       1
       1
       1
       0
       1
       3
       0
       3
       1
       0
       1
       0
       0
       3
       0
       1
       1
       0
       2
       1
       2
       1
       1
       0
       1
       1
       3
       1
       0
       1
       2
       0
       1
       0
       0
       0
       1
       1
       1
       1
       0
       1
       0
       1
       1
       1
       0
       0
       1
       2
       2
       1
       1
       0
       1
       2
       3
       1
       1
       2
       0
       1
       0
       2
       1
       3
       4
       1
       1
       2
       0
       1
       0
       1
       1
       0
       2
       2
       0
       1
       0
       1
       0
       0
       0
       0
       1
       0
       3
       0
       0
       0
       2
       1
       1
       2
       2
       1
       1
       1
       2
       1
       1
       0
       3
       0
       1
       0
       1
       0
       1
       2
       0
       2
       3
       2
       5
       6
       3
       4
       7
       5
       5
       6
       4
       2
       4
       2
       3
       0
       0
       3
       0
       2
       1
       1
       1
       1
       3
       2
       2
       1
       4
       1
       0
       0
       3
       3
       3
       0
       2
       2
       2
       2
       0
       1
       1
       5
       2
       2
       2
       2
       1
       0
       1
       1
       0
       1
       0
       0
       0
       1
       1
       4
       1
       0
       4
       0
       0
       0
       0
       0
       1
       2
       1
       3
       2
       3
       1
       0
       3
       3
       0
       0
       1
       0
       1
       0
       1
       3
       1
       2
       1
       0
       0
       2
       1
       2
       1
       2
       0
       1
       2
       1
       3
       0
       0
       0
       1
       0
       3
       0
       1
       1
       1
       0
       1
       0
       2
       2
       0
       0
       1
       1
       1
       4
       1
       1
       4
       1
       0
       1
       1
       1
       2
       2
       1
       1
       4
       3
       0
       1
       2
       0
       1
       3
       1
       2
       1
       0
       0
       1
       1
       0
       2
       1
       0
       2
       2
       1
       1
       0
       0
       3
       1
       0
       1
       1
       2
       2
       1
       1
       1
       1
       0
       1
       3
       2
       1
       1
       0
       0
       1
       1
       0
       0
       0
       2
       1
       0
       0
       0
       1
       1
       0
       2
       0
       2
       1
       4
       0
       3
       1
       0
       0
       0
       1
       3
       0
       0
       0
       0
       0
       2
       1
       0
       2
       0
       0
       2
       2
       2
       0
       2
       0
       0
       2
       1
       2
       0
       1
       1
       1
       2
       1
       2
       0
       1
       0
       0
       0
       1
       3
       3
       4
       4
       4
       5
       5
       4
       4
       3
       0
       0
       0
       2
       1
       2
       1
       1
       2
       0
       1
       0
       0
       0
       1
       1
       0
       1
       2
       1
       0
       0
       0
       0
       1
       1
       1
       3
       1
       0
       0
       1
       2
       2
       1
       0
       2
       1
       4
       1
       1
       0
       2
       1
       0
       2
       2
       0
       3
       3
       0
       1
       0
       3
       4
       1
       0
       3
       0
       0
       0
       2
       1
       2
       0
       1
       1
       0
       0
       2
       3
       2
       0
       2
       1
       1
       0
       4
       0
       1
       0
       4
       2
       2
       1
       1
       2
       1
       0
       0
       1
       2
       0
       0
       2
       2
       2
       1
       1
       0
       2
       1
       1
       2
       1
       1
       1
       3
       2
       0
       1
       2
       0
       0
       1
       1
       1
       3
       0
       1
       1
       0
       1
       2
       0
       1
       3
       2
       2
       2
       2
       1
       1
       3
       0
       3
       2
       1
       2
       0
       1
       3
       2
       0
       1
       2
       1
       0
       1
       1
       0
       1
       2
       2
       0
       1
       0
       1
       1
       1
       1
       0
       2
       0
       2
       2
       1
       0
       0
       1
       3
       1
       0
       0
       0
       3
       0
       3
       3
       2
       3
       2
       2
       0
       2
       1
       1
       1
       1
       1
       1
       1
       3
       2
       0
       1
       1
       0
       2
       0
       2
       0
       2
       2
       1
       1
       0
       2
       0
       1
       1
       0
       0
       2
       2
       1
       1
       1
       1
       4
       1
       1
       0
       1
       4
       3
       0
       1
       0
       0
       0
       0
       0
       2
       0
       3
       2
       0
       1
       0
       2
       1
       1
       0
       3
       1
       1
       0
       1
       4
       1
       2
       0
       2
       0
       1
       1
       0
       2
       4
       1
       0
       3
       4
       0
       2
       1
       1
       1
       4
       1
       2
       1
       3
       4
       0
       0
       2
       2
       0
       0
       0
       2
       0
       3
       0
       0
       1
       3
       2
       1
       0
       2
       0
       1
       0
       2
       1
       2
       2
       1
       0
       1
       0
       3
       1
       0
       2
       0
       1
       3
       2
       1
       1
       0
       1
       2
       0
       0
       1
       1
       1
       1
       1
       2
       0
       1
       2
       4
       3
       0
       2
       1
       2
       2
       1
       0
       1
       0
       4
       1
       1
       1
       2
       1
       0
       0
       0
       1
       1
       0
       2
       0
       1
       2
       1
       0
       3
       1
       1
       1
       1
       3
       3
       3
       1
       1
       3
       0
       4
       3
       2
       1
       1
       2
       3
       2
       0
       1
       2
       2
       1
       2
       0
       1
       1
       0
       0
       4
       3
       0
       2
       1
       2
       1
       1
       3
       1
       2
       3
       1
       0
       2
       1
       3
       4
       0
       1
       1
       1
       0
       0
       0
       2
       3
       1
       0
       0
       2
       1
       3
       0
       0
       1
       2
       1
       1
       0
       1
       0
       4
       0
       0
       0
       0
       3
       2
       0
       1
       1
       1
       1
       2
       0
       0
       2
       3
       1
       3
       0
       0
       0
       0
       1
       1
       1
       1
       1
       0
       0
       0
       0
       1
       0
       0
       0
       0
       0
       1
       0
       0
       0
       1
       2
       0
       0
       0
       1
       0
       0
       2
       0
       0
       1
       0
       0
       2
       1
       2
       0
       0
       0
       0
       1
       2
       2
       2
       2
       2
       0
       0
       0
       0
       1
       0
       1
       1
       1
       1
       0
       1
       0
       0
       1
       0
       0
       0
       1
       0
       0
       0
       0
       0
       1
       0
       0
       2
       1
       0
       1
       1
       0
       0
       1
       1
       0
       0
       1
       0
       0
       0
       2
       0
       0
       1
       0
       0
       1
       0
       1
       1
       2
       1
       0
       1
       1
       0
       1
       1
       0
       1
       4
       1
       1
       5
       1
       2
       0
       0
       1
       0
       0
       0
       0
       0
       0
       1
       0
       2
       1
       0
       0
       1
       3
       0
       0
       1
       1
       0
       0
       0
       0
       0
       0
       1
       2
       0
       1
       1
       0
       1
       1
       1
       1
       0
       1
       0
       1
       2
       1
       0
       0
       0
       0
       1
       1
       1
       0
       0
       0
       1
       2
       1
       1
       0
       0
       1
       1
       0
       0
       3
       0
       0
       0
       1
       1
       0
       0
       0
       0
       0
       0
       0
       0
       0
       0
       0
       0
       0
       0
       1
       1
       0
       1
       1
       2
       1
       1
       1
       0
       0
       0
       0
       0
       1
       0
       1
       1
       0
       1
       0
       0
       1
       0
       0
       0
       3
       1
       1
       1
       0
       0
       3
       0
       0
       0
       1
       1
       0
       2
       0
       0
       0
       0
       0
       0
       0
       0
       0
       0
       0
       1
       1
       1
       0
       0
       0
       0
       0
       0
       0
       0
       0
       0
       0
       0
       1
       1
       1
       0
       0
       0
       1
       0
       0
       0
       0
       1
       0
       0
       0
       0
       0
       0
       1
       0
       0
       0
       1
       0
       1
       0
       0
       0
       1
       0
       0
       0
       0
       0
       0
       1
       0
       0
       0
       1
       0
       0
       0
       0
       0
       0
       1
       0
       0
       0
       0
       0
       0
       0
       0
       0
       2
       0
       1
       0
       0
       0
       0
       0
       0
       0
       0
       1
       0
       0
       0
       0
       0
       0
       0
       1
       0
       0
       0
       0
       1
       0
       0
       1
       0
       0
       0
       0
       1
       1
       1
       1
       0
       0
       0
       0
       0
       1
       0
       0
       0
       0
       1
       2
       0
       2
       0
       0
       0
       1
       0
       0
       2
       0
       0
       0
       0
       0
       0
       0
       0
       1
       0
       0
       0
       0
       0
       0
       0
       0
       0
       0
       1
       0
       0
       0
       1
       0
       1
       0
       1
       1
       0
       0
       0
       0
       0
       0
       0
       1
       0
       0
       0
       0
       1
       0
       0
       0
       0
       1
       0
       0
       1
       0
       0
       1
       0
       0
       0
       0
       1
       0
       0
       0
       0
       0
       2
       1
       0
       0
       0
       0
       0
       0
       0
       0
       0
       0
       0
       0
       1
       0
       0
       1
       0
       0
       0
       1
       1
       0
       0
       0
       0
       0
       1
       0
       0
       0
       0
       0
       0
       1
       0
       0
       0
       0
       1
       0
       0
       2
       0
       0
       0
       0
       0
       1
       2
       5
       3
       9
       8
      22
      14
      19
      31
      33
      28
      28
      22
      21
      11
       5
       3
       1
       1
       1
       0
       0
       0
       0
       0
       0
       0
       0
       0
       0
       0
       0
       0
       0
       0
       0
       0
       0
       0
       0
       0
       0
       0
       0
       0
       1
       0
       0
       0
       1
       0
       0
       0
       0
       0
       0
       1
       0
       0
       0
       0
       0
       0
       0
       0
       0
       0
       0
       0
       0
       0
       0
       0
       0
       0
       0
       0
       0
       0
       0
       0
       0
       0
       0
       0
       0
       0
       0
       0
       0
       0
       0
       0
       0
       0
       0
       0
       1
       0
       0
       0
       0
       0
       0
       0
       0
       0
       0
       0
       0
       0
       0
       0
       0
       0
       0
       0
       0
       0
       0
       0
       1
       0
       0
       0
       0
       0
       0
       0
       0
       0
       0
       0
       0
       0
       0
       0
       0
       1
       0
       0
       0
       0
       1
       0
       0
       0
       1
       0
       0
       0
       0
       0
       0
       0
       0
       0
       0
       0
       0
       1
       0
       0
       0
       1
       0
       0
       0
       0
       0
       0
       0
       0
       0
       0
       0
       0
       1
       0
       0
       0
       0
       0
       0
       0
       0
       0
       0
       1
       0
       0
       0
       0
       0
       0
       1
       0
       0
       0
       0
       0
       0
       0
       0
       0
       0
       0
       0
       0
       1
       0
       0
       0
       0
       0
       0
       0
       0
       0
       0
       0
       0
       0
       0
       0
       0
       0
       0
       0
       0
       0
       0
       0
       0
       0
       0
       1
       0
       0
       0
       0
       0
       0
       0
       0
       0
       1
       0
       0
       0
       0
       0
       0
       0
       0
       0
       0
       0
       0
       1
       0
       0
       0
       0
       0
       0
       0
       0
       0
       0
       0
       0
       1
       0
       0
       0
       0
       0
       0
       0
       0
       0
       0
       0
       0
       0
       0
       0
       0
       1
       0
       0
       0
       0
       0
       0
       0
       0
       0
       0
       0
       0
       0
       2
       0
       0
       0
       0
       0
       0
       0
       0
       0
       0
       0
       0
       0
       0
       0
       0
       0
       0
       0
       0
       0
       0
       0
       0
       0
       0
       0
       0
       0
       1
       0
       0
       0
       0
       0
       0
       0
       0
       0
       0
       0
       0
       0
       1
       0
       0
       0
       0
       0
       0
       0
       0
       0
       0
       0
       0
       0
       0
       1
       0
       0
       1
       0
       0
       0
       0
       0
       0
       0
       0
       0
       0
       1
       0
       0
       0
       0
       0
       0
       0
       0
       0
       0
       0
       0
       1
       0
       0
       0
       0
       0
       0
       0
       0
       0
       0
       1
       0
       0
       0
       1
       0
       0
       1
       0
       0
       0
       0
       0
       0
       0
       0
       0
       0
       0
       0
       0
       0
       0
       0
       1
       0
       0
       0
       0
       0
       0
       0
       0
       0
       0
       0
       0
       0
       0
       0
       0
       0
       0
       0
       0
       0
       0
       0
       0
       0
       0
       1
       0
       0
       0
       0
       0
       0
       0
       0
       0
       0
       0
       1
       0
       0
       0
       0
       0
       0
       0
       0
       0
       0
       0
       0
       0
       0
       0
       0
       1
       0
       0
       0
       0
       0
       0
       0
       0
       0
       0
       0
       0
       0
       0
       0
       0
       0
       0
       0
       1
       0
       0
       0
       0
       0
       0
       0
       0
       0
       0
       0
       0
       0
       0
       0
       0
       0
       0
       0
       0
       0
       0
       0
       0
       0
       0
       0
       0
       0
       0
       0
       0
       0
       0
       0
       0
       0
       0
       0
       0
       0
       0
       0
       0
       0
       0
       0
       0
       0
       0
       0
       0
       0
       1
       0
       0
       0
       0
       0
       0
       0
       0
       0
       0
       0
       1
       0
       0
       0
       0
       0
       0
       0
       0
       0
       0
       0
       0
       0
       0
       0
       0
       0
       0
       0
       0
       0
       0
       0
       0
       0
       0
       0
       0
       0
       0
       0
       0
       0
       0
       0
       0
       0
       0
       0
       0
       0
       0
       0
       0
       0
       0
       0
       0
       0
       1
       0
       0
       0
       0
       0
       1
       0
       1
       0
       0
       0
       0
       0
       0
       0
       0
       1
       0
       0
       0
       0
       0
       0
       0
       0
       0
       0
       0
       0
       0
       0
       0
       0
       0
       0
       0
       0
       0
       0
       0
       0
       0
       0
       0
       0
       0
       0
       0
       0
       0
       0
       0
       0
       0
       0
       0
       0
       0
       0
       0
       0
       0
       0
       0
       0
       0
       0
       0
       0
       0
       0
       0
       0
       0
       0
       1
       0
       0
       0
       0
       0
       0
       0
       0
       0
       0
       0
       0
       0
       0
       0
       0
       0
       0
       0
       0
       0
       0
       0
       0
       0
       0
       0
       0
       0
       0
       0
       0
       0
       0
       0
       0
       0
       0
       0
       0
       0
       0
       0
       0
       1
       0
       0
       0
       0
       0
       0
       0
       0
       0
       0
       0
       0
       0
       0
       0
       0
       0
       0
       0
       0
       0
       0
       0
       0
       0
       0
       0
       0
       0
       0
       0
       0
       0
       0
       0
       0
       0
       0
       0
       1
       0
       0
       1
       0
       0
       0
       0
       0
       1
       0
       0
       1
       0
       0
       0
       0
       0
       0
       0
       0
       0
       0
       0
       0
       0
       0
       0
       0
       0
       0
       0
       0
       0
       1
       0
       0
       0
       0
       0
       1
       0
       0
       0
       0
       0
       0
       0
       0
       0
       0
       0
       0
       0
       0
       0
       0
       0
       0
       0
       0
       0
       0
       0
       0
       0
       0
       0
       0
       0
       0
       0
       1
       0
       0
       0
       0
       0
       0
       0
       0
       0
       0
       0
       0
       0
       0
       0
       0
       0
       0
       1
       0
       0
       0
       0
       0
       0
       0
       0
       0
       0
       0
       0
       0
       0
       0
       0
       0
       0
       0
       0
       1
       1
       0
       0
       0
       0
       0
       0
       0
       0
       0
       1
       0
       0
       0
       0
       0
       0
       0
       0
       0
       0
       0
       0
       0
       0
       0
       0
       0
       0
       0
       0
       0
       0
       0
       0
       0
       0
       1
       0
       0
       0
       0
       0
       0
       0
       0
       0
       0
       0
       0
       0
       0
       0
       0
       1
       1
       0
       0
       0
       0
       0
       0
       0
       0
       1
       0
       0
       0
       0
       0
       0
       0
       0
       0
       1
       0
       0
       0
       0
       0
       0
       0
       1
       1
       0
       0
       0
       0
       1
       0
       0
       0
       1
       0
       0
       0
       0
       0
       0
       0
       0
       0
       0
       0
       0
       0
       0
       1
       0
       0
       0
       0
       0
       0
       0
       0
       0
       0
       0
       0
       0
       0
       0
       0
       0
       0
       0
       0
       0
       0
       0
       0
       0
       0
       0
       0
       0
       0
       0
       1
       0
       0
       0
       0
       0
       0
       0
       0
       0
       0
       0
       0
       0
       0
       0
       1
       1
       0
       0
       0
       0
       0
       0
       0
       1
       0
       0
       0
       0
       0
       0
       0
       0
       0
       0
       0
       0
       0
       0
       0
       0
       0
       1
       0
       0
       0
       0
       0
       0
       0
       0
       0
       0
       0
       0
       0
       0
       0
       0
       0
       0
       0
       1
       0
       0
       0
       0
       0
       0
       0
       0
       0
       0
       0
       1
       0
       0
       0
       0
       0
       0
       1
       0
       0
       0
       0
       0
       0
       0
       0
       0
       0
       0
       0
       0
       0
       0
       0
       0
       0
       0
       0
       0
       0
       0
       0
       0
       0
       0
       0
       1
       0
       0
       0
       0
       0
       0
       0
       0
       0
       0
       0
       0
       0
       0
       0
       0
       0
       0
       0
       1
       0
       0
       0
       0
       0
       0
       0
       0
       0
       0
       0
       0
       0
       0
       0
       0
       0
       0
       0
       0
       0
       0
       0
       0
       0
       0
       0
       0
       0
       0
       0
       0
       0
       0
       0
       0
       0
       0
       0
       0
       0
       0
       0
       0
       0
       0
       0
       0
       0
       0
       0
       0
       0
       0
       0
       0
       0
       0
       0
       0
       0
       0
       0
       0
       0
       0
       0
       0
       0
       0
       0
       0
       0
       0
       0
       0
       0
       0
       0
       0
       0
       0
       1
       0
       0
       0
       0
       0
       0
       0
       0
       0
       1
       0
       0
       0
       0
       0
       0
       0
       0
       0
       0
       0
       0
       0
       0
       0
       1
       0
       0
       0
       0
       0
       0
       0
       1
       0
       0
       0
       0
       0
       0
       0
       0
       0
       0
       0
       0
       0
       0
       0
       0
       0
       0
       0
       0
       0
       0
       1
       0
       0
       0
       0
       0
       0
       0
       0
       0
       0
       0
       0
       0
       0
       0
       0
       0
       0
       0
       0
       0
       0
       1
       0
       0
       0
       0
       0
       0
       0
       0
       0
       0
       0
       0
       0
       0
       0
       0
       0
       0
       0
       0
       0
       1
       0
       0
       0
       0
       0
       0
       0
       0
       0
       0
       0
       0
       0
       0
       0
       0
       0
       0
       0
       0
       0
       0
       0
       0
       0
       0
       0
       0
       0
       1
       0
       0
       0
       0
       1
       0
       0
       0
       0
       0
       0
       0
       0
       0
       0
       0
       0
       1
       0
       0
       0
       0
       0
       0
       0
       0
       0
       0
       0
       0
       0
       0
       0
       0
       0
       0
       0
       0
       0
       1
       0
       0
       0
       0
       0
       0
       0
       0
       0
       0
       0
       0
       0
       0
       0
       0
       0
       1
       0
       0
       0
       0
       0
       0
       0
       0
       0
       0
       0
       0
       0
       0
       0
       0
       0
       0
       0
       0
       0
       0
       0
       0
       0
       0
       0
       0
       0
       0
       0
       0
       1
       0
       1
       0
       0
       0
       0
       0
       0
       0
       0
       0
       0
       0
       0
       0
       0
       0
       1
       0
       0
       0
       0
       0
       0
       0
       0
       0
       0
       0
       0
       0
       0
       0
       0
       0
       0
       0
       1
       0
       0
       0
       1
       0
       0
       0
       0
       0
       0
       0
       0
       0
       0
       0
       0
       0
       0
       1
       0
       1
       0
       0
       0
       0
       0
       0
       0
       0
       0
       0
       0
       0
       0
       0
       0
       0
       0
       0
       0
       0
       0
       0
       0
       0
       0
       0
       0
       0
       1
       0
       0
       0
       0
       0
       1
       0
       0
       0
       1
       0
       0
       0
       0
       1
       0
       0
       0
       0
       0
       0
       0
       0
       0
       0
       0
       0
       0
       0
       0
       0
       0
       0
       0
       0
       0
       0
       0
       0
       0
       0
       0
       0
       0
       0
       0
       0
       0
       0
       0
       1
       0
       0
       0
       0
       0
       0
       1
       0
       0
       0
       0
       0
       0
       0
       0
       0
       0
       0
       0
       0
       0
       0
       0
       0
       0
       0
       0
       0
       0
       0
       1
       0
       0
       0
       0
       0
       0
       0
       0
       0
       0
       0
       0
       0
       0
       0
       0
       0
       0
       0
       0
       0
       0
       0
       2
       0
       0
       0
       0
       0
       0
       0
       0
       0
       0
       0
       1
       0
       0
       0
       0
       0
       0
       1
       0
       1
       0
       0
       0
       0
       0
       0
       0
       0
       0
       0
       0
       0
       0
       0
       0
       0
       0
       0
       0
       0
       0
       0
       1
       0
       0
       0
       0
       2
       0
       0
       1
       0
       0
       0
       0
       0
       0
       0
       0
       0
       0
       0
       0
       0
       0
       0
       0
       0
       1
       0
       0
       0
       0
       0
       0
       0
       0
       0
       0
       0
       0
       0
       0
       0
       0
       0
       0
       0
       0
       0
       0
       0
       0
       0
       0
       0
       0
       0
       0
       0
       0
       0
       1
       0
       0
       0
       0
       0
       0
       0
       0
       0
       0
       0
       0
       0
       1
       0
       0
       0
       0
       0
       0
       0
       0
       0
       0
       0
       0
       0
       0
       0
       0
       0
       0
       0
       0
       0
       0
       0
       0
       0
       0
       0
       0
       0
       0
       0
       0
       0
       0
       0
       0
       1
       0
       0
       0
       0
       0
       0
       0
       0
       1
       0
       0
       0
       0
       0
       0
       0
       0
       0
       0
       0
       0
       0
       0
       0
       0
       0
       0
       0
       0
       0
       0
       0
       0
       0
       0
       0
       0
       0
       0
       0
       0
       0
       0
       0
       0
       0
       0
       0
       0
       0
       0
       0
       0
       0
       0
       0
       0
       0
       0
       0
       0
       0
       0
       0
       0
       0
       0
       0
       0
       0
       0
       0
       0
       0
       0
       0
       0
       0
       0
       0
       0
       0
       0
       0
       0
       0
       0
       0
       0
       0
       1
       0
       0
       0
       0
       0
       0
       0
       0
       0
       0
       0
       0
       0
       0
       0
       0
       0
       0
       0
       0
       0
       0
       0
       0
       0
       0
       0
       0
       0
       0
       0
       0
       0
       0
       0
       0
       0
       0
       0
       0
       0
       0
       0
       0
       0
       0
       0
       0
       0
       0
       0
       0
       1
       0
       0
       0
       0
       0
       0
       0
       0
       0
       0
       0
       0
       0
       0
       0
       0
       0
       0
       0
       0
       0
       0
       0
       0
       0
       0
       0
       0
       0
       0
       0
       0
       0
       0
       0
       0
       0
       0
       0
       0
       0
       0
       0
       0
       0
       0
       0
       0
       0
       0
       0
       0
       0
       0
       0
       0
       0
       0
       0
       0
       0
       0
       0
       0
       0
       0
       0
       0
       0
       0
       0
       0
       0
       0
       0
       0
       0
       0
       0
       0
       0
       0
       0
       0
       0
       0
       0
       0
       0
       0
       0
       0
       0
       0
       0
       0
       0
       0
       0
       0
       0
       0
       0
       0
       0
       0
       0
       0
       0
       0
       0
       0
       0
       0
       0
       0
       0
       0
       0
       0
       0
       0
       0
       0
       0
       0
       0
       0
       0
       0
       0
       0
       0
       0
       0
       0
       0
       0
       0
       0
       0
       0
$ROI:
0
$PRESETS:
Live Time
3600
0
$ENER_FIT:
8.931054 0.240803
$MCA_CAL:
3
8.931054E+000 2.408025E-001 6.157388E-008 keV
$SHAPE_CAL:
3
9.658150E+000 -1.618950E-003 2.758845E-007
