$SPEC_ID:
No sample description was entered.
$SPEC_REM:
DET# 1
DETDESC# EPS-140909 Easy-MCA-8k SN 16175454
AP# Maestro Version 7.01
$DATE_MEA:
03/07/2022 09:04:38
$MEAS_TIM:
617 643
$DATA:
0 8191
       0
       0
       0
       0
       0
       0
       0
       0
       0
       0
       0
       0
       0
       0
       0
       0
       0
       0
       0
       0
       0
       0
       0
       0
       0
       0
       0
       0
       0
       0
       0
       0
       0
       0
       0
       0
       0
       1
       1
       8
      15
     187
    2581
    3075
    2005
    1673
    1649
    1668
    1651
    1788
    1784
    1901
    1908
    2008
    2154
    2358
    2539
    2636
    2596
    2553
    2749
    2706
    2782
    2824
    3010
    3047
    3510
    4052
    4807
    5807
    6377
    6379
    5965
    5572
    5813
    6339
    6948
    7878
    9176
   11568
   14278
   18184
   21035
   23611
   24655
   24454
   23033
   22128
   22471
   27917
   44658
   78405
  121617
  149395
  143074
  104364
   58168
   26186
   12072
    8007
    7141
    6884
    7269
   10380
   17843
   28011
   35026
   33475
   26296
   17746
   11217
    6411
    3623
    2296
    1928
    1711
    1545
    1521
    1356
    1345
    1358
    1264
    1327
    1276
    1325
    1337
    1336
    1363
    1340
    1334
    1390
    1408
    1366
    1393
    1484
    1434
    1565
    1547
    1570
    1610
    1559
    1568
    1554
    1588
    1722
    1620
    1680
    1710
    1668
    1771
    1778
    1756
    1754
    1846
    1860
    1856
    1918
    1883
    2022
    1975
    2031
    1975
    2071
    2082
    2070
    2245
    2378
    2740
    3653
    4862
    5903
    5836
    5630
    5784
    7150
    8218
    8285
    6272
    4132
    2892
    2310
    2119
    2089
    2123
    2276
    2260
    2531
    2464
    2423
    2337
    2195
    2484
    2451
    2636
    3001
    3484
    4149
    5063
    5723
    5829
    5079
    4405
    3870
    4038
    4083
    4033
    3770
    3539
    3358
    3295
    3294
    3184
    3272
    3268
    3132
    3163
    3139
    3027
    3005
    2987
    2966
    2975
    2910
    2889
    2801
    2739
    2731
    2655
    2683
    2661
    2604
    2599
    2590
    2552
    2447
    2400
    2411
    2460
    2349
    2303
    2286
    2194
    2219
    2144
    2117
    2142
    2082
    2081
    2020
    2158
    2057
    2017
    2024
    1961
    1989
    2030
    1910
    1947
    1907
    1959
    1932
    1956
    1981
    1945
    2069
    1906
    1902
    1923
    1929
    1953
    1879
    1846
    1776
    1927
    1824
    1880
    2034
    1874
    2031
    2358
    3605
    8004
   19340
   39259
   60099
   67827
   56008
   33665
   15030
    5676
    2402
    1512
    1366
    1326
    1204
    1258
    1313
    1281
    1256
    1406
    1349
    1284
    1386
    1337
    1289
    1266
    1257
    1342
    1291
    1279
    1294
    1254
    1226
    1221
    1261
    1292
    1311
    1312
    1243
    1271
    1349
    1246
    1246
    1295
    1300
    1250
    1247
    1257
    1311
    1278
    1247
    1319
    1207
    1248
    1252
    1293
    1259
    1319
    1338
    1284
    1276
    1273
    1381
    1419
    1444
    1429
    1411
    1523
    1422
    1406
    1456
    1418
    1405
    1440
    1397
    1471
    1497
    1490
    1381
    1516
    1404
    1522
    1497
    1403
    1464
    1527
    1556
    1529
    1555
    1537
    1487
    1476
    1529
    1523
    1629
    1715
    1950
    2055
    2079
    2079
    1906
    1603
    1513
    1460
    1367
    1449
    1367
    1410
    1411
    1445
    1472
    1581
    1556
    1413
    1384
    1427
    1410
    1373
    1367
    1336
    1389
    1405
    1342
    1320
    1319
    1375
    1346
    1447
    1345
    1386
    1419
    1364
    1349
    1401
    1374
    1303
    1424
    1330
    1326
    1336
    1300
    1386
    1357
    1370
    1305
    1324
    1373
    1293
    1303
    1276
    1315
    1282
    1378
    1286
    1300
    1340
    1281
    1354
    1227
    1307
    1328
    1301
    1256
    1254
    1302
    1307
    1286
    1265
    1324
    1258
    1293
    1290
    1322
    1254
    1291
    1263
    1234
    1217
    1197
    1158
    1210
    1228
    1232
    1133
    1113
    1128
    1064
    1103
    1118
    1060
    1076
    1015
    1072
    1051
     990
    1063
    1009
    1079
    1035
     986
    1021
    1004
    1024
    1064
    1012
    1024
    1022
    1035
    1050
     986
    1038
    1015
    1023
     977
     975
     998
    1050
    1066
    1030
     967
     964
     927
     960
     901
     986
     964
     926
     915
     947
     945
     983
     960
     927
     922
     944
     943
     891
     967
     884
     899
     935
     876
     887
     877
     933
     909
     901
     935
     912
     878
     883
     881
     908
     916
     862
     876
     884
     866
     878
     857
     823
     890
     897
     926
     876
     819
     859
     826
     860
     893
     914
     814
     823
     843
     885
     843
     898
     866
     842
     868
     870
     818
     800
     827
     808
     852
     894
    1160
    1908
    3610
    6475
    9445
   10445
    8643
    5651
    2988
    1439
     950
     783
     801
     839
     779
     781
     788
     730
     717
     786
     786
     821
     818
     762
     761
     706
     627
     672
     683
     698
     685
     701
     686
     669
     661
     652
     633
     675
     670
     669
     663
     644
     656
     632
     647
     651
     636
     661
     668
     645
     640
     659
     614
     632
     708
     615
     637
     640
     649
     686
     643
     673
     622
     639
     641
     704
     714
     702
     732
     667
     645
     572
     604
     617
     671
     657
     665
     643
     646
     659
     618
     636
     633
     633
     623
     626
     593
     598
     616
     588
     643
     602
     576
     609
     650
     651
     706
     652
     719
     696
     679
     653
     603
     581
     550
     513
     544
     531
     609
     590
     590
     592
     617
     575
     543
     534
     537
     487
     515
     556
     555
     628
     738
     861
     967
     928
     855
     677
     548
     545
     515
     482
     502
     520
     498
     530
     489
     518
     532
     531
     506
     547
     520
     498
     492
     496
     478
     517
     488
     500
     512
     504
     500
     502
     482
     490
     476
     479
     520
     493
     531
     494
     475
     474
     465
     503
     506
     486
     500
     475
     516
     511
     528
     493
     475
     508
     454
     494
     452
     492
     482
     508
     498
     481
     490
     460
     453
     472
     486
     533
     538
     543
     505
     537
     557
     538
     461
     511
     523
     531
     579
     580
     593
     599
     582
     558
     507
     472
     483
     484
     525
     504
     493
     497
     486
     486
     502
     457
     510
     493
     503
     504
     516
     492
     504
     518
     575
     535
     592
     560
     618
     748
    1087
    2520
    5912
   12021
   19365
   24420
   22429
   16007
    8724
    3600
    1338
     615
     425
     400
     433
     401
     383
     392
     391
     365
     357
     379
     401
     394
     413
     392
     362
     387
     408
     400
     341
     411
     396
     368
     382
     397
     372
     398
     344
     382
     349
     386
     368
     391
     394
     416
     397
     375
     367
     342
     356
     355
     362
     388
     390
     409
     493
     616
     793
     951
    1142
     983
     819
     550
     456
     391
     356
     382
     356
     332
     339
     355
     372
     327
     331
     318
     352
     330
     343
     363
     339
     358
     343
     355
     367
     373
     375
     400
     362
     339
     382
     352
     371
     343
     357
     378
     351
     373
     338
     381
     356
     374
     377
     418
     339
     334
     371
     333
     308
     314
     357
     356
     349
     328
     356
     337
     335
     310
     300
     340
     345
     315
     336
     317
     339
     321
     347
     341
     336
     331
     377
     323
     326
     313
     352
     279
     318
     323
     314
     334
     306
     323
     349
     374
     326
     358
     336
     344
     357
     306
     363
     335
     376
     360
     328
     356
     382
     509
     724
    1134
    1629
    1911
    1828
    1402
     861
     644
     401
     309
     337
     319
     371
     356
     388
     359
     380
     375
     309
     291
     297
     332
     342
     302
     350
     339
     291
     321
     331
     316
     323
     295
     322
     335
     330
     314
     315
     294
     303
     331
     296
     307
     338
     294
     307
     298
     304
     305
     328
     307
     307
     316
     297
     324
     292
     285
     288
     319
     318
     323
     321
     325
     312
     348
     323
     313
     313
     317
     319
     357
     305
     316
     309
     322
     393
     387
     577
     977
    1554
    2211
    2320
    2005
    1388
     837
     491
     367
     299
     335
     298
     300
     301
     302
     281
     288
     318
     350
     304
     291
     300
     319
     300
     304
     344
     327
     289
     312
     318
     333
     312
     298
     318
     305
     321
     291
     329
     281
     300
     322
     296
     335
     299
     308
     342
     303
     283
     309
     293
     319
     295
     315
     306
     309
     311
     300
     321
     303
     278
     275
     328
     304
     330
     290
     317
     312
     296
     315
     312
     302
     302
     310
     294
     307
     279
     309
     308
     299
     328
     294
     321
     312
     292
     316
     310
     319
     299
     300
     333
     317
     332
     329
     350
     330
     338
     356
     313
     348
     319
     305
     371
     287
     334
     351
     423
     477
     601
     528
     459
     419
     339
     329
     328
     308
     256
     327
     297
     327
     348
     322
     314
     326
     317
     288
     319
     307
     294
     307
     313
     310
     289
     306
     305
     299
     322
     307
     311
     315
     303
     360
     404
     393
     375
     303
     334
     308
     303
     303
     329
     321
     305
     283
     273
     305
     333
     306
     346
     350
     411
     343
     366
     349
     338
     345
     314
     308
     325
     291
     310
     300
     343
     276
     281
     345
     286
     324
     301
     333
     328
     374
     352
     337
     335
     287
     353
     324
     308
     322
     334
     321
     338
     341
     314
     366
     330
     307
     315
     319
     324
     318
     349
     310
     314
     321
     293
     326
     300
     307
     341
     346
     342
     347
     368
     368
     361
     365
     340
     339
     311
     297
     308
     318
     335
     313
     342
     335
     334
     300
     331
     342
     310
     337
     337
     340
     336
     321
     325
     330
     304
     348
     322
     336
     335
     306
     320
     322
     348
     325
     332
     329
     350
     329
     328
     332
     357
     328
     342
     349
     340
     324
     348
     325
     329
     359
     364
     330
     344
     299
     328
     349
     352
     360
     368
     338
     328
     343
     344
     329
     373
     438
     485
     542
     603
     574
     493
     438
     423
     420
     394
     374
     339
     337
     362
     327
     386
     345
     329
     346
     335
     355
     371
     306
     352
     355
     347
     374
     362
     339
     349
     349
     332
     342
     344
     364
     309
     327
     328
     325
     316
     331
     329
     321
     324
     322
     326
     348
     341
     355
     364
     354
     386
     394
     426
     528
     559
     543
     416
     395
     330
     315
     291
     300
     297
     312
     319
     299
     320
     304
     300
     289
     341
     299
     302
     303
     289
     299
     303
     285
     274
     278
     274
     270
     274
     266
     287
     318
     283
     287
     252
     300
     309
     281
     290
     277
     309
     262
     313
     285
     299
     300
     323
     275
     258
     318
     275
     309
     246
     291
     292
     285
     273
     260
     292
     276
     285
     290
     293
     286
     304
     271
     274
     291
     282
     285
     297
     274
     302
     265
     272
     267
     259
     270
     277
     287
     283
     282
     289
     291
     282
     294
     287
     255
     293
     263
     283
     276
     283
     274
     295
     286
     280
     262
     276
     315
     290
     283
     247
     296
     290
     293
     322
     305
     303
     267
     286
     282
     249
     266
     266
     301
     291
     329
     279
     303
     296
     280
     298
     261
     270
     293
     279
     282
     304
     273
     260
     267
     299
     274
     318
     279
     297
     272
     277
     297
     284
     254
     268
     276
     245
     271
     300
     303
     262
     285
     300
     307
     260
     294
     259
     272
     265
     271
     302
     270
     309
     297
     341
     352
     325
     333
     320
     281
     320
     292
     292
     281
     269
     296
     267
     263
     292
     296
     292
     276
     264
     263
     271
     297
     293
     262
     262
     257
     280
     267
     262
     264
     296
     297
     311
     281
     302
     289
     288
     292
     293
     269
     256
     278
     340
     307
     363
     333
     328
     312
     297
     283
     345
     351
     411
     469
     445
     383
     336
     290
     307
     245
     270
     258
     244
     275
     272
     264
     270
     265
     303
     269
     290
     281
     295
     348
     404
     518
     522
     584
     547
     456
     388
     304
     279
     283
     273
     260
     254
     300
     268
     247
     257
     274
     261
     269
     260
     257
     291
     276
     266
     278
     276
     269
     253
     267
     248
     270
     267
     280
     266
     272
     274
     280
     275
     269
     273
     229
     287
     307
     258
     250
     282
     266
     284
     262
     265
     279
     271
     255
     315
     311
     267
     306
     269
     308
     298
     308
     331
     300
     272
     287
     265
     266
     260
     284
     315
     328
     344
     356
     409
     393
     390
     384
     271
     290
     289
     277
     331
     290
     295
     307
     307
     306
     279
     288
     264
     306
     280
     291
     286
     274
     294
     312
     295
     287
     290
     322
     284
     302
     278
     284
     310
     282
     280
     296
     273
     265
     308
     262
     261
     260
     278
     275
     274
     314
     300
     272
     303
     291
     258
     290
     285
     264
     296
     286
     279
     274
     322
     286
     282
     292
     318
     318
     293
     286
     303
     306
     305
     290
     287
     286
     292
     300
     268
     313
     293
     275
     271
     289
     283
     311
     294
     309
     301
     300
     340
     310
     297
     302
     307
     294
     327
     296
     283
     299
     265
     273
     275
     278
     280
     290
     306
     308
     297
     322
     355
     326
     328
     279
     283
     253
     302
     270
     291
     275
     326
     346
     302
     277
     307
     266
     256
     255
     249
     248
     296
     276
     281
     276
     243
     286
     301
     337
     458
     766
    1494
    2481
    3788
    4702
    4580
    3624
    2432
    1297
     625
     406
     292
     257
     251
     232
     230
     271
     245
     252
     264
     208
     237
     248
     263
     244
     231
     273
     256
     254
     248
     212
     252
     262
     235
     248
     216
     243
     242
     246
     218
     243
     259
     238
     260
     238
     254
     244
     209
     239
     219
     224
     237
     282
     259
     226
     228
     227
     258
     226
     252
     215
     255
     250
     233
     234
     223
     256
     270
     235
     249
     236
     240
     250
     256
     242
     282
     321
     335
     351
     302
     324
     290
     246
     273
     230
     223
     219
     205
     195
     220
     246
     217
     216
     242
     231
     259
     255
     254
     216
     243
     218
     236
     232
     242
     248
     245
     222
     263
     222
     233
     236
     215
     214
     215
     255
     224
     232
     238
     210
     210
     235
     243
     235
     245
     228
     242
     237
     225
     241
     256
     222
     264
     258
     235
     225
     219
     249
     222
     238
     246
     240
     280
     259
     239
     217
     230
     272
     258
     264
     276
     293
     286
     320
     264
     277
     256
     229
     268
     260
     246
     222
     234
     245
     242
     213
     222
     255
     240
     242
     276
     236
     238
     220
     235
     283
     243
     273
     275
     258
     236
     212
     261
     237
     255
     234
     234
     242
     247
     252
     221
     237
     246
     265
     259
     267
     257
     256
     227
     223
     243
     257
     227
     256
     269
     305
     297
     320
     533
     790
    1094
    1409
    1498
    1297
     954
     662
     427
     293
     242
     252
     252
     280
     251
     260
     258
     277
     254
     269
     233
     247
     256
     223
     222
     240
     238
     277
     247
     237
     235
     239
     247
     246
     217
     230
     220
     223
     226
     219
     222
     226
     203
     247
     238
     222
     228
     227
     204
     209
     201
     218
     185
     209
     227
     210
     215
     212
     209
     219
     215
     206
     209
     229
     220
     218
     229
     205
     208
     213
     234
     227
     222
     236
     220
     218
     240
     216
     212
     232
     209
     220
     213
     215
     213
     232
     233
     206
     203
     181
     179
     205
     200
     177
     207
     192
     204
     217
     202
     186
     189
     202
     167
     179
     177
     173
     163
     165
     191
     150
     175
     168
     179
     156
     182
     190
     171
     188
     177
     180
     173
     192
     207
     258
     278
     297
     284
     253
     223
     194
     184
     182
     151
     175
     158
     157
     175
     184
     188
     202
     225
     238
     225
     228
     181
     167
     173
     147
     151
     143
     176
     173
     184
     157
     189
     177
     127
     178
     179
     153
     177
     144
     168
     177
     165
     176
     157
     142
     159
     151
     162
     160
     139
     146
     148
     160
     140
     159
     140
     185
     145
     148
     145
     165
     151
     159
     160
     155
     132
     138
     122
     152
     140
     132
     143
     159
     145
     136
     166
     133
     131
     144
     157
     143
     166
     149
     172
     133
     154
     172
     136
     154
     177
     162
     158
     159
     164
     177
     176
     174
     151
     188
     211
     269
     445
     765
    1464
    2304
    3358
    3956
    3848
    3098
    2051
    1175
     578
     269
     184
     153
     149
     118
     151
     123
     138
     148
     130
     143
     108
     151
     131
     132
     121
     112
     125
     156
     120
     123
     112
     108
     126
     138
     129
     138
     128
     130
     108
     112
     120
     146
     100
     121
     114
     112
     124
     120
     123
     117
     138
     111
     107
     108
     103
     123
     119
     122
     126
     115
     134
     147
     123
     121
     135
     112
     116
     114
     105
     115
     132
     111
     119
     116
     143
     113
     116
     142
     115
     121
     121
     126
     128
     120
     122
     123
     114
     121
     133
     114
     107
     128
     128
     141
     156
     186
     260
     272
     308
     326
     291
     239
     209
     156
     153
     129
     121
     113
     104
     116
     125
     113
     104
     102
     108
     108
      93
     105
     110
      95
      99
     117
     104
     112
      97
     103
     117
      87
     108
      95
     107
     105
      91
      90
      94
      97
     102
     109
     107
      99
     105
      88
     125
     102
     118
     101
     104
      89
      97
      93
      87
     113
     110
     110
     104
     102
     108
      87
      90
      89
      93
     101
      88
     119
     114
     111
      95
     111
     106
      91
     101
     101
     127
     108
      94
     103
      89
     101
     111
      95
      87
     116
      91
     132
      90
     109
      97
     109
      96
     106
     106
     118
     101
      91
     102
     109
     101
     113
     105
     104
      91
     110
      83
     104
     112
      96
     103
     106
     117
      96
     107
     108
      95
     119
      89
     104
     104
      94
     128
     109
     110
      89
     106
     111
     112
     108
     100
     104
      97
     103
     117
      98
     112
      89
     104
     120
     101
      89
      94
     126
      95
     123
     125
     120
     113
      87
      97
      99
     101
      99
     105
      98
      99
     115
     118
     112
     112
     128
      91
     130
     112
     103
     109
     116
     112
     121
     134
      94
     117
     125
      94
     126
     120
     104
     113
     134
     112
     123
     118
     128
     124
     176
     336
     549
     910
    1506
    2085
    2489
    2459
    1995
    1376
     851
     498
     370
     410
     484
     466
     522
     479
     329
     248
     173
     120
     115
     105
     127
     115
     115
     112
     113
      83
     110
     114
     115
      94
      88
     107
     125
      99
     117
     111
     118
     115
     118
     106
     113
     111
      99
     108
     108
     100
     119
     111
     116
     115
     121
     118
     116
     125
     148
     165
     194
     226
     310
     609
    1050
    1764
    2571
    2951
    3180
    2611
    1923
    1192
     599
     317
     156
     123
     110
     118
      91
     103
     102
      99
      98
     120
     104
     114
     112
     125
     121
     122
     116
     128
     126
     129
     145
     129
     132
     134
     133
     136
     145
     137
     115
      98
     114
     117
     126
      96
     106
     108
      94
     118
     111
     122
     110
     101
     117
     103
     108
     109
     109
     109
     111
      95
     121
     101
     110
      98
     120
     112
     107
      98
     116
     114
     103
     118
     111
     110
     113
     125
     107
     122
     111
     109
     116
     109
     120
     104
      98
     120
     128
     120
     120
     149
     141
     115
     128
     122
     137
     150
     165
     167
     147
     151
     119
     132
     116
     133
     116
     115
     148
     126
     108
     130
     118
     136
     119
     129
     116
     128
     121
     124
     105
     115
     120
     117
     103
     120
     138
     144
     101
     115
     103
     107
     117
     112
     137
     116
     136
     107
     119
     120
     122
     123
     111
     129
     126
     133
     119
     139
     131
     138
     122
     128
     118
     122
     110
     106
     117
     106
     115
     117
     119
     110
     121
     105
     126
     122
     137
     118
     126
     110
     116
     127
     133
     121
     139
     111
     117
     116
     131
     111
     128
     124
      97
     111
     111
     121
     115
      92
     109
      98
     111
     106
      78
     100
     101
      92
      81
      95
      85
     100
      77
      91
      80
     103
      85
      78
      70
      93
      83
      77
      81
      95
      72
      70
      71
      85
      78
      69
      73
      74
      65
      73
      71
      90
      72
      71
      85
      63
      78
      74
      94
      76
      76
      84
      67
      76
     112
     157
     190
     295
     358
     321
     298
     231
     196
     129
      92
      75
      77
      65
      78
      69
      70
      63
      74
      62
      74
      58
      65
      63
      66
      56
      60
      68
      66
      60
      66
      56
      60
      58
      80
      59
      48
      80
      65
      51
      64
      68
      61
      77
      56
      49
      57
      44
      73
      64
      68
      66
      65
      91
      70
      61
      62
      67
      58
      55
      65
      68
      56
      66
      58
      47
      57
      53
      60
      62
      67
      45
      62
      62
      55
      52
      70
      51
      44
      39
      46
      46
      63
      56
      72
      61
      61
      61
      49
      87
      86
      82
      87
      83
      77
      50
      57
      60
      50
      55
      55
      62
      56
      53
      60
      31
      46
      52
      46
      50
      42
      54
      56
      41
      47
      60
      55
      56
      55
      39
      55
      44
      49
      49
      42
      45
      49
      42
      37
      46
      38
      34
      47
      51
      37
      52
      46
      45
      36
      34
      49
      29
      29
      39
      51
      58
      53
      67
      79
      80
      65
      58
      57
      45
      51
      40
      38
      36
      37
      41
      46
      43
      30
      34
      28
      35
      45
      48
      35
      40
      36
      40
      35
      32
      30
      31
      32
      40
      45
      41
      25
      32
      24
      34
      40
      27
      39
      32
      49
      42
      58
      43
      33
      34
      39
      46
      28
      42
      37
      42
      54
      59
      95
     167
     275
     299
     333
     281
     217
     161
     103
      57
      36
      33
      29
      29
      17
      29
      19
      32
      16
      25
      16
      22
      16
      14
      10
      25
      30
      16
      12
      21
      16
      24
      14
      19
      18
      21
      19
      19
      17
      17
      24
      18
      19
      23
      12
      15
      21
      17
      15
      11
      19
      22
      15
      14
      17
       7
      14
      16
      17
      23
      16
      13
      17
       6
      14
      14
      17
      12
      11
      10
      24
      15
      14
      15
      20
      17
      17
      20
      22
      11
      14
      12
      18
      14
      15
      19
      20
      17
      12
      14
       9
      11
      12
      15
      13
      14
      12
      13
       8
      11
      11
       9
      18
       7
      16
       9
      14
      11
       8
      10
      16
      14
      10
      14
      14
      10
      15
      20
       9
      15
       6
       9
      15
       6
       9
      15
       4
      12
      10
      14
      16
      12
      15
       9
      15
      10
       9
      13
       8
      11
       8
      13
       8
      11
      11
      16
      12
       7
      10
      20
      18
      18
      19
      16
      10
      16
      17
      16
      15
      13
      16
      14
      11
      15
      10
      16
       7
      14
      13
       9
      14
      12
       8
      15
      11
      11
      21
      16
      18
      11
      17
      10
      15
      20
      12
       7
      10
      14
      12
      17
       9
      15
      14
      14
      13
      14
      10
       8
      12
      21
      17
      16
      16
      15
      12
      20
      19
      20
      20
      16
       9
      31
      13
      18
       7
      23
      19
      16
      22
      14
      22
      23
      16
      27
      24
      14
      14
      24
      23
      26
      19
      19
      15
      18
      21
      31
      24
      26
      22
      28
      26
      28
      33
      26
      28
      31
      36
      37
      46
      57
     104
     175
     331
     698
    1240
    1869
    2672
    3308
    3503
    3130
    2401
    1560
     836
     392
     151
      63
      20
      12
       9
       6
      10
       9
       8
      10
       6
      12
       6
      11
       3
       6
       4
      11
       6
       8
       4
       6
       7
       5
       5
       5
      11
       6
       7
       8
       4
      13
       5
      12
       5
       3
       2
       8
       4
      11
       9
       8
      12
       6
       6
       9
       6
       7
      12
       8
       7
       9
       4
      11
       9
       6
       8
       8
       7
       7
       4
       9
      12
       3
      12
       8
       4
       4
      10
       5
       8
      10
      12
      17
      14
      18
      17
      18
      20
      15
      18
      28
      29
      33
      34
      48
      68
      54
      55
      47
      30
      27
      10
       7
      12
       9
      10
      14
      12
      18
      15
      15
      23
      16
      21
      22
      31
      65
      87
      67
      96
      69
      52
      47
      34
      40
      50
      35
      50
      30
      20
      18
       7
       3
       2
       1
       2
       2
       4
       2
       2
       0
       1
       5
       0
       2
       0
       0
       2
       2
       1
       3
       1
       3
       5
       3
       4
       6
       3
       4
       1
       5
       3
       4
       2
       4
       5
       5
       4
       4
       4
       6
       8
       5
       2
       5
       2
       8
       6
       9
       4
       9
       7
       2
       3
       1
       3
       2
       1
       3
       3
       5
       2
       7
       4
       3
       5
       2
       3
       7
       2
       2
       2
       2
       3
      10
       7
       1
       4
       6
       5
       4
       0
       2
       7
       1
       2
       2
       7
       1
       4
       5
       4
       5
       3
       4
       3
       4
       1
       3
       2
       5
       2
       1
       5
       2
       2
       3
       3
       3
       3
       4
       2
       2
       2
       0
       2
       1
       2
       4
       1
       3
       3
       2
       0
       2
       1
       2
       1
       1
       6
       1
       1
       2
       1
       2
       1
       2
       3
       3
       6
       2
       3
       0
       2
       4
       2
       5
       6
       8
      21
      20
      29
      47
      47
      46
      59
      54
      44
      41
      15
      20
       9
       5
       5
       2
       2
       0
       1
       4
       1
       0
       2
       1
       1
       0
       1
       2
       0
       1
       1
       3
       2
       1
       5
       1
       2
       2
       0
       1
       0
       1
       2
       2
       2
       3
       1
       0
       1
       2
       0
       2
       1
       2
       1
       0
       2
       2
       2
       1
       4
       1
       1
       1
       0
       1
       2
       2
       0
       3
       3
       4
       1
       2
       0
       2
       2
       4
       1
       2
       2
       0
       2
       1
       4
       1
       2
       1
       3
       0
       2
       2
       2
       1
       0
       1
       3
       1
       3
       1
       0
       2
       1
       1
       3
       0
       1
       1
       2
       2
       1
       3
       2
       3
       2
       2
       0
       2
       1
       2
       0
       1
       3
       2
       3
       2
       2
       1
       1
       3
       1
       0
       1
       1
       1
       2
       0
       3
       3
       2
       1
       3
       3
       3
       2
       1
       1
       2
       4
       2
       1
       1
       0
       4
       3
       1
       2
       1
       2
       2
       2
       1
       5
       6
       3
       0
       2
       1
       3
       2
       3
       3
       2
       0
       1
       0
       2
       2
       2
       0
       1
       3
       4
       2
       3
       2
       2
       2
       3
       8
       3
       1
       2
       1
       3
       2
       3
       1
       0
       0
       1
       1
       1
       1
       2
       3
       2
       2
       1
       3
       2
       2
       4
       0
       1
       0
       3
       3
       0
       0
       0
       3
       0
       1
       0
       1
       1
       1
       1
       0
       2
       1
       2
       1
       1
       3
       1
       2
       0
       4
       1
       1
       3
       0
       1
       1
       2
       4
       1
       0
       2
       0
       0
       0
       1
       0
       1
       2
       3
       1
       0
       0
       0
       1
       0
       0
       1
       1
       2
       1
       7
       5
       4
       1
       4
       4
       1
       1
       1
       0
       1
       2
       2
       3
       1
       0
       3
       2
       1
       3
       0
       2
       0
       2
       2
       0
       1
       1
       0
       1
       0
       1
       1
       0
       0
       0
       0
       0
       0
       1
       1
       0
       0
       1
       0
       0
       1
       1
       1
       0
       0
       6
       0
       0
       0
       1
       0
       0
       0
       0
       0
       0
       3
       0
       1
       0
       2
       0
       1
       2
       0
       1
       1
       2
       0
       1
       0
       1
       0
       0
       1
       1
       1
       2
       1
       2
       0
       1
       1
       2
       2
       0
       2
       1
       0
       1
       1
       0
       1
       0
       1
       1
       1
       1
       0
       2
       2
       0
       0
       0
       1
       1
       0
       1
       1
       1
       0
       0
       0
       2
       1
       0
       1
       0
       3
       1
       0
       0
       1
       1
       2
       0
       0
       1
       2
       1
       1
       0
       0
       0
       2
       0
       1
       0
       0
       0
       0
       0
       0
       0
       0
       0
       0
       2
       0
       1
       0
       1
       1
       0
       1
       0
       1
       0
       1
       0
       0
       0
       0
       0
       0
       0
       0
       1
       1
       1
       1
       0
       1
       2
       1
       3
       1
       0
       0
       0
       1
       0
       0
       0
       0
       0
       3
       1
       1
       1
       1
       0
       1
       0
       0
       1
       3
       1
       3
       0
       1
       2
       1
       0
       1
       1
       1
       2
       0
       0
       2
       0
       2
       0
       1
       0
       1
       3
       0
       0
       0
       0
       1
       4
       1
       1
       0
       0
       0
       0
       0
       0
       0
       2
       0
       0
       2
       0
       1
       2
       1
       0
       0
       2
       0
       1
       1
       0
       1
       0
       0
       2
       2
       0
       2
       0
       1
       2
       0
       1
       0
       1
       1
       0
       0
       0
       2
       1
       1
       0
       1
       1
       2
       0
       2
       2
       1
       0
       5
       5
       3
       2
       1
       1
       0
       3
       0
       1
       1
       2
       0
       2
       3
       0
       0
       1
       0
       1
       0
       2
       0
       0
       1
       2
       0
       1
       2
       1
       1
       1
       1
       0
       0
       0
       2
       3
       0
       2
       1
       0
       0
       0
       0
       0
       0
       2
       0
       2
       0
       0
       1
       2
       0
       1
       1
       1
       0
       0
       1
       2
       0
       0
       0
       0
       1
       1
       0
       2
       0
       0
       0
       1
       0
       0
       0
       1
       1
       2
       0
       0
       2
       1
       0
       0
       0
       2
       1
       0
       0
       0
       0
       1
       0
       2
       1
       0
       1
       0
       1
       0
       1
       0
       0
       0
       0
       0
       0
       0
       2
       0
       0
       0
       1
       0
       1
       1
       0
       0
       1
       1
       0
       0
       2
       1
       1
       0
       0
       1
       1
       1
       1
       1
       3
       0
       0
       0
       0
       1
       2
       0
       0
       0
       0
       0
       1
       0
       2
       0
       1
       3
       0
       1
       1
       0
       0
       0
       0
       1
       3
       1
       0
       0
       1
       0
       0
       0
       1
       1
       2
       2
       1
       1
       1
       0
       1
       2
       0
       0
       1
       0
       2
       0
       0
       0
       0
       0
       2
       0
       0
       0
       1
       0
       2
       1
       0
       1
       0
       0
       0
       0
       0
       0
       2
       0
       1
       0
       1
       2
       0
       0
       0
       0
       0
       0
       1
       0
       0
       0
       0
       1
       0
       1
       0
       0
       0
       2
       0
       2
       2
       0
       0
       0
       0
       1
       1
       0
       0
       0
       0
       0
       0
       0
       1
       0
       1
       0
       1
       0
       0
       0
       1
       0
       1
       1
       1
       0
       0
       0
       0
       0
       0
       1
       1
       1
       1
       1
       1
       0
       1
       0
       1
       0
       1
       2
       1
       0
       0
       1
       1
       0
       0
       0
       0
       0
       1
       2
       0
       0
       0
       0
       0
       0
       0
       0
       0
       0
       3
       0
       0
       0
       1
       0
       0
       3
       0
       2
       0
       0
       1
       0
       0
       3
       1
       0
       0
       0
       1
       1
       1
       0
       2
       1
       0
       0
       0
       0
       0
       0
       0
       0
       0
       0
       1
       1
       1
       1
       0
       0
       0
       1
       1
       1
       0
       0
       0
       0
       0
       0
       0
       0
       0
       0
       0
       0
       0
       2
       1
       0
       0
       0
       1
       0
       0
       0
       0
       1
       0
       1
       0
       1
       0
       0
       0
       0
       1
       0
       1
       2
       1
       1
       0
       1
       0
       0
       0
       0
       0
       1
       0
       0
       0
       0
       0
       0
       0
       1
       0
       2
       0
       0
       1
       0
       0
       1
       0
       0
       0
       0
       0
       0
       0
       2
       1
       1
       0
       0
       1
       0
       0
       0
       1
       0
       0
       0
       0
       0
       0
       0
       1
       0
       1
       1
       0
       0
       1
       0
       0
       0
       1
       0
       0
       1
       0
       0
       0
       0
       1
       4
       1
       2
       2
       0
       0
       0
       0
       0
       0
       0
       0
       0
       1
       0
       0
       0
       0
       0
       0
       1
       0
       0
       0
       2
       0
       0
       0
       0
       0
       1
       0
       1
       0
       0
       0
       0
       0
       1
       0
       0
       0
       0
       0
       2
       0
       0
       0
       0
       1
       0
       0
       0
       0
       0
       0
       2
       0
       0
       0
       0
       1
       0
       0
       1
       0
       0
       1
       0
       1
       0
       0
       0
       0
       0
       0
       0
       1
       0
       1
       0
       0
       0
       0
       0
       0
       1
       0
       0
       1
       0
       0
       0
       0
       0
       0
       1
       2
       1
       1
       0
       1
       0
       1
       1
       0
       0
       1
       0
       0
       0
       0
       0
       0
       0
       1
       0
       0
       0
       0
       0
       1
       0
       0
       1
       1
       0
       1
       1
       0
       0
       1
       0
       0
       0
       0
       1
       0
       0
       0
       0
       0
       0
       1
       0
       1
       0
       0
       1
       0
       0
       1
       1
       0
       0
       0
       0
       0
       1
       0
       1
       0
       0
       0
       0
       0
       0
       0
       0
       0
       0
       0
       0
       0
       0
       0
       1
       0
       0
       0
       1
       0
       0
       0
       0
       0
       0
       0
       0
       0
       1
       0
       0
       0
       1
       1
       0
       0
       0
       0
       0
       0
       2
       0
       1
       0
       0
       0
       0
       0
       1
       1
       0
       0
       0
       0
       1
       0
       0
       1
       0
       0
       1
       1
       0
       0
       0
       1
       0
       1
       0
       0
       0
       1
       0
       0
       1
       0
       1
       0
       1
       0
       0
       0
       0
       0
       2
       1
       0
       1
       1
       0
       1
       0
       0
       1
       1
       0
       0
       0
       0
       1
       0
       0
       0
       0
       0
       0
       0
       0
       1
       0
       1
       1
       0
       0
       1
       0
       0
       0
       0
       0
       0
       0
       0
       0
       0
       1
       0
       1
       0
       0
       0
       0
       0
       0
       1
       0
       0
       0
       1
       0
       0
       0
       1
       2
       0
       0
       1
       1
       1
       0
       0
       0
       0
       0
       0
       1
       1
       0
       0
       0
       0
       0
       0
       2
       0
       0
       1
       0
       0
       1
       1
       1
       2
       2
       2
       2
       0
       0
       3
       1
       0
       1
       1
       0
       2
       1
       1
       0
       1
       1
       0
       2
       0
       1
       2
       0
       0
       0
       0
       2
       0
       0
       0
       0
       0
       0
       1
       0
       0
       1
       1
       0
       0
       0
       1
       0
       2
       0
       1
       0
       0
       0
       0
       1
       0
       0
       0
       1
       1
       0
       0
       0
       1
       0
       0
       1
       0
       1
       0
       0
       0
       0
       1
       1
       0
       0
       0
       0
       0
       0
       0
       0
       0
       0
       0
       0
       0
       1
       0
       0
       1
       0
       0
       1
       0
       0
       0
       0
       0
       0
       0
       0
       1
       0
       0
       0
       0
       0
       0
       1
       1
       0
       0
       0
       0
       0
       0
       0
       0
       0
       0
       1
       0
       1
       0
       0
       0
       0
       0
       0
       0
       0
       0
       1
       0
       1
       0
       0
       0
       1
       0
       1
       2
       0
       0
       0
       0
       0
       0
       0
       0
       1
       0
       0
       0
       2
       0
       0
       1
       0
       0
       0
       1
       0
       0
       0
       0
       1
       2
       0
       0
       0
       0
       0
       1
       0
       0
       0
       0
       0
       0
       0
       1
       0
       0
       0
       0
       0
       1
       0
       0
       0
       0
       0
       0
       1
       0
       1
       1
       0
       0
       0
       1
       0
       0
       1
       0
       0
       0
       0
       1
       0
       0
       0
       0
       0
       0
       0
       1
       1
       1
       0
       0
       0
       0
       0
       0
       0
       0
       0
       1
       0
       0
       0
       0
       0
       1
       0
       0
       1
       1
       0
       1
       1
       1
       1
       0
       2
       2
       1
       0
       0
       0
       0
       0
       0
       0
       0
       0
       0
       1
       0
       0
       0
       0
       0
       0
       0
       0
       0
       0
       0
       1
       0
       0
       0
       0
       0
       0
       0
       1
       1
       1
       0
       1
       0
       0
       0
       0
       0
       0
       0
       0
       0
       0
       0
       0
       2
       0
       0
       0
       2
       0
       0
       0
       0
       0
       0
       0
       0
       0
       1
       0
       0
       0
       0
       0
       0
       0
       0
       0
       0
       1
       2
       0
       0
       0
       0
       1
       0
       0
       0
       0
       0
       0
       1
       0
       0
       0
       1
       2
       1
       0
       1
       0
       1
       0
       0
       0
       1
       0
       0
       0
       0
       0
       1
       0
       0
       1
       0
       0
       1
       0
       0
       0
       0
       1
       0
       0
       0
       0
       0
       1
       0
       0
       0
       0
       1
       0
       0
       0
       1
       1
       0
       0
       0
       0
       1
       0
       0
       0
       0
       1
       0
       0
       0
       2
       0
       1
       0
       0
       0
       1
       0
       1
       0
       0
       1
       0
       1
       0
       0
       0
       0
       0
       1
       0
       0
       0
       0
       0
       0
       0
       0
       0
       0
       1
       1
       0
       0
       0
       1
       0
       1
       0
       0
       1
       0
       0
       0
       1
       2
       0
       0
       2
       0
       0
       0
       0
       0
       0
       0
       0
       0
       0
       0
       0
       0
       0
       0
       1
       1
       0
       0
       0
       0
       0
       0
       1
       1
       0
       0
       0
       0
       0
       0
       0
       0
       0
       0
       0
       0
       0
       1
       0
       1
       0
       0
       0
       2
       0
       0
       1
       0
       0
       0
       0
       0
       0
       0
       1
       0
       0
       0
       0
       0
       0
       0
       0
       1
       0
       0
       2
       0
       2
       2
       1
       1
       0
       0
       0
       0
       0
       0
       0
       0
       0
       1
       0
       0
       1
       0
       0
       0
       0
       0
       0
       1
       0
       0
       0
       2
       0
       1
       0
       2
       0
       0
       0
       0
       0
       0
       0
       1
       0
       0
       1
       0
       0
       0
       0
       1
       0
       0
       1
       0
       0
       0
       0
       0
       0
       0
       0
       0
       1
       1
       0
       0
       0
       0
       0
       1
       0
       0
       0
       0
       1
       1
       2
       0
       0
       0
       0
       0
       1
       0
       2
       1
       1
       1
       0
       0
       0
       1
       0
       0
       0
       0
       1
       1
       0
       1
       0
       0
       0
       1
       1
       0
       0
       0
       0
       0
       0
       2
       0
       0
       0
       0
       0
       0
       1
       1
       0
       0
       0
       1
       0
       0
       0
       1
       0
       0
       0
       1
       0
       1
       1
       0
       0
       0
       0
       0
       0
       0
       1
       0
       0
       0
       0
       0
       1
       0
       0
       0
       0
       1
       1
       0
       1
       0
       1
       0
       0
       3
       0
       0
       0
       0
       0
       0
       0
       0
       0
       0
       0
       1
       0
       0
       0
       0
       0
       0
       1
       1
       1
       0
       0
       0
       0
       0
       0
       0
       0
       0
       0
       0
       2
       0
       0
       1
       0
       2
       1
       1
       2
       0
       0
       0
       0
       0
       0
       0
       0
       0
       1
       0
       1
       0
       0
       0
       0
       0
       0
       0
       0
       0
       0
       0
       0
       0
       0
       0
       0
       1
       0
       0
       2
       0
       0
       0
       0
       0
       0
       0
       1
       0
       0
       0
       0
       0
       1
       1
       0
       0
       2
       1
       0
       0
       0
       1
       0
       0
       0
       0
       0
       0
       0
       1
       0
       0
       0
       0
       0
       0
       0
       0
       0
       0
       0
       0
       0
       0
       0
       0
       0
       0
       0
       1
       1
       1
       0
       0
       1
       2
       0
       0
       1
       0
       0
       0
       0
       2
       0
       0
       0
       0
       1
       0
       2
       0
       1
       0
       0
       0
       0
       0
       0
       1
       0
       1
       0
       0
       0
       0
       0
       0
       0
       0
       0
       0
       0
       0
       1
       0
       0
       0
       0
       0
       1
       0
       0
       0
       0
       1
       0
       0
       0
       0
       0
       0
       0
       0
       0
       0
       0
       0
       0
       0
       0
       0
       0
       0
       2
       0
       0
       0
       0
       0
       0
       0
       0
       0
       0
       0
       0
       0
       0
       0
       0
       0
       0
       0
       0
       0
       0
       0
       0
       0
       1
       0
       0
       0
       0
       0
       0
       0
       1
       1
       0
       0
       0
       0
       0
       0
       0
       0
       1
       0
       0
       1
       0
       0
       0
       0
       0
       0
       0
       0
       1
       0
       0
       0
       0
       0
       0
       0
       0
       0
       0
       0
       0
       0
       0
       0
       0
       0
       0
       0
       0
       0
       0
       0
       0
       0
       0
       0
       0
       0
       0
       1
       0
       0
       0
       0
       0
       0
       0
       0
       0
       0
       0
       0
       1
       0
       1
       0
       0
       0
       1
       0
       0
       0
       0
       0
       0
       0
       0
       0
       0
       0
       0
       0
       1
       0
       0
       0
       0
       1
       0
       1
       0
       0
       0
       0
       0
       0
       0
       0
       0
       0
       0
       1
       0
       0
       0
       0
       0
       0
       1
       0
       1
       0
       0
       0
       0
       0
       0
       0
       0
       0
       0
       0
       0
       0
       0
       0
       0
       0
       0
       0
       0
       0
       0
       0
       0
       0
       0
       0
       0
       0
       0
       0
       0
       0
       0
       0
       0
       0
       0
       0
       0
       0
       0
       0
       0
       0
       0
       0
       0
       0
       0
       0
       0
       0
       0
       0
       0
       0
       0
       0
       0
       0
       0
       0
       0
       0
       0
       0
       0
       0
       0
       1
       0
       0
       0
       0
       0
       0
       0
       0
       0
       0
       0
       0
       0
       0
       0
       0
       0
       0
       0
       0
       1
       0
       0
       0
       0
       0
       0
       0
       0
       0
       0
       0
       0
       0
       0
       0
       0
       0
       0
       0
       0
       1
       0
       0
       0
       0
       0
       0
       0
       0
       0
       0
       1
       0
       0
       0
       0
       1
       0
       0
       1
       0
       0
       0
       0
       0
       0
       0
       1
       0
       0
       0
       0
       0
       0
       0
       0
       0
       0
       0
       0
       0
       0
       0
       0
       0
       0
       0
       0
       0
       0
       0
       1
       0
       0
       0
       0
       0
       1
       0
       0
       0
       0
       1
       0
       2
       2
       4
       6
       3
       8
       9
       9
       3
       1
       3
       1
       1
       0
       0
       0
       0
       0
       0
       0
       0
       0
       0
       0
       0
       0
       0
       0
       0
       0
       0
       0
       0
       0
       0
       0
       0
       1
       0
       0
       0
       0
       0
       0
       0
       0
       0
       0
       0
       0
       0
       0
       0
       0
       0
       0
       0
       0
       0
       0
       0
       0
       0
       0
       0
       0
       0
       0
       0
       0
       0
       0
       0
       0
       0
       0
       0
       0
       0
       0
       0
       0
       0
       0
       0
       0
       0
       0
       0
       0
       0
       0
       0
       0
       0
       0
       0
       0
       0
       0
       0
       0
       0
       0
       0
       0
       0
       0
       0
       0
       0
       0
       0
       0
       0
       0
       0
       0
       0
       0
       0
       0
       0
       0
       0
       0
       0
       0
       0
       0
       0
       0
       0
       0
       0
       0
       0
       0
       0
       0
       0
       0
       0
       0
       0
       0
       0
       0
       0
       0
       0
       0
       0
       0
       0
       0
       0
       0
       0
       0
       0
       0
       0
       0
       0
       0
       0
       0
       0
       0
       0
       0
       0
       0
       0
       0
       0
       0
       0
       0
       0
       0
       0
       0
       0
       0
       0
       0
       0
       0
       0
       0
       0
       0
       0
       0
       0
       0
       0
       0
       0
       0
       0
       0
       0
       0
       0
       0
       0
       0
       0
       0
       0
       0
       0
       0
       0
       0
       1
       1
       1
       0
       0
       0
       0
       0
       0
       0
       0
       0
       0
       0
       0
       0
       0
       0
       0
       0
       0
       0
       0
       0
       0
       0
       0
       0
       0
       0
       0
       0
       0
       0
       0
       0
       0
       0
       0
       0
       0
       0
       0
       0
       0
       0
       0
       0
       0
       0
       0
       0
       0
       0
       1
       0
       0
       0
       0
       0
       0
       0
       0
       0
       0
       0
       0
       0
       0
       0
       0
       0
       0
       0
       0
       0
       0
       0
       0
       0
       0
       0
       0
       0
       0
       0
       0
       0
       0
       0
       0
       0
       0
       0
       0
       0
       0
       0
       0
       0
       0
       0
       0
       0
       0
       0
       0
       1
       0
       0
       0
       0
       0
       0
       0
       0
       0
       0
       0
       0
       0
       0
       0
       0
       0
       0
       0
       0
       0
       0
       0
       0
       0
       0
       0
       0
       0
       1
       0
       0
       0
       0
       0
       0
       0
       0
       0
       0
       0
       0
       0
       0
       0
       0
       0
       0
       0
       0
       0
       0
       0
       0
       0
       0
       0
       0
       0
       0
       0
       0
       0
       0
       0
       0
       0
       0
       0
       0
       0
       0
       0
       0
       0
       0
       0
       0
       0
       0
       0
       0
       0
       0
       0
       0
       0
       0
       0
       0
       0
       0
       0
       0
       0
       0
       0
       0
       0
       0
       0
       0
       0
       0
       0
       0
       0
       0
       0
       0
       0
       0
       0
       0
       0
       0
       0
       0
       0
       0
       0
       0
       0
       0
       0
       0
       0
       0
       0
       0
       0
       0
       0
       0
       0
       0
       0
       0
       0
       0
       0
       0
       0
       0
       0
       0
       0
       0
       0
       0
       0
       0
       0
       0
       0
       0
       0
       0
       0
       0
       0
       0
       0
       0
       0
       0
       0
       0
       0
       0
       0
       0
       0
       0
       0
       0
       1
       0
       0
       0
       0
       0
       0
       0
       0
       0
       0
       0
       0
       0
       0
       0
       0
       0
       0
       0
       0
       0
       0
       0
       0
       0
       0
       0
       0
       0
       0
       0
       0
       0
       0
       0
       0
       0
       0
       0
       0
       0
       0
       0
       0
       0
       0
       0
       0
       0
       0
       0
       0
       0
       0
       0
       0
       0
       0
       0
       0
       0
       0
       0
       0
       0
       0
       0
       0
       0
       0
       0
       0
       0
       0
       0
       0
       0
       0
       0
       0
       0
       0
       0
       0
       0
       0
       0
       0
       0
       0
       0
       0
       0
       0
       0
       0
       0
       0
       0
       0
       0
       0
       0
       0
       0
       0
       0
       0
       0
       0
       0
       0
       0
       0
       0
       0
       0
       0
       0
       0
       0
       0
       0
       0
       0
       0
       0
       0
       0
       0
       0
       0
       0
       0
       0
       0
       0
       0
       0
       0
       0
       0
       0
       0
       0
       0
       0
       0
       0
       0
       0
       0
       0
       0
       0
       0
       0
       0
       0
       0
       0
       0
       0
       0
       0
       0
       0
       0
       0
       0
       0
       0
       0
       0
       0
       0
       0
       0
       0
       0
       0
       0
       0
       0
       0
       1
       0
       0
       0
       0
       0
       0
       0
       0
       0
       0
       0
       0
       0
       0
       0
       0
       0
       0
       0
       0
       0
       0
       0
       0
       0
       0
       0
       0
       0
       0
       0
       0
       0
       0
       0
       0
       0
       0
       0
       0
       0
       0
       0
       0
       0
       0
       0
       0
       0
       0
       0
       0
       0
       0
       0
       0
       0
       0
       0
       0
       0
       0
       0
       0
       0
       0
       0
       0
       0
       0
       0
       0
       0
       0
       0
       0
       0
       0
       0
       0
       0
       0
       0
       0
       0
       0
       0
       0
       0
       0
       0
       0
       0
       0
       0
       0
       0
       0
       0
       0
       0
       0
       0
       0
       0
       0
       0
       0
       0
       0
       0
       0
       0
       0
       0
       0
       0
       0
       0
       0
       0
       0
       0
       0
       0
       0
       0
       0
       0
       0
       0
       0
       0
       0
       0
       0
       0
       0
       0
       0
       0
       0
       0
       0
       0
       0
       0
       0
       0
       0
       0
       0
       0
       0
       0
       0
       0
       0
       0
       0
       0
       0
       0
       0
       0
       0
       0
       0
       0
       0
       0
       0
       0
       0
       0
       0
       0
       1
       0
       0
       0
       0
       0
       0
       0
       0
       0
       0
       0
       0
       0
       0
       0
       0
       0
       0
       0
       0
       0
       0
       0
       0
       0
       0
       0
       0
       0
       0
       0
       0
       0
       0
       0
       0
       0
       0
       0
       0
       0
       0
       0
       0
       0
       0
       0
       0
       0
       0
       0
       0
       0
       0
       0
       0
       0
       0
       0
       0
       0
       0
       0
       0
       0
       0
       0
       0
       0
       0
       0
       0
       0
       0
       0
       0
       0
       0
       0
       0
       0
       0
       0
       0
       0
       0
       0
       0
       0
       0
       0
       0
       0
       0
       0
       0
       0
       0
       0
       0
       0
       0
       0
       0
       0
       0
       0
       0
       0
       0
       0
       0
       0
       0
       0
       0
       0
       0
       0
       0
       0
       0
       0
       0
       0
       0
       0
       0
       0
       0
       0
       0
       0
       0
       0
       0
       0
       0
       0
       0
       0
       0
       0
       0
       0
       0
       0
       0
       0
       0
       0
       0
       0
       0
       0
       0
       0
       0
       0
       0
       0
       0
       0
       0
       0
       0
       0
       0
       0
       0
       0
       0
       0
       0
       0
       0
       1
       0
       0
       0
       0
       0
       0
       0
       0
       0
       0
       0
       0
       0
       0
       0
       0
       0
       0
       0
       0
       0
       0
       0
       0
       0
       1
       0
       0
       0
       0
       0
       0
       0
       0
       0
       0
       0
       0
       0
       0
       0
       0
       0
       0
       0
       0
       0
       0
       0
       0
       0
       0
       0
       0
       0
       0
       0
       0
       0
       0
       0
       0
       0
       0
       0
       0
       0
       0
       0
       0
       0
       0
       0
       0
       0
       0
       0
       0
       0
       0
       0
       0
       0
       0
       0
       0
       0
       0
       0
       0
       0
       0
       0
       0
       0
       0
       0
       0
       0
       0
       0
       0
       0
       0
       0
       0
       0
       0
       0
       0
       0
       0
       0
       0
       0
       0
       0
       0
       0
       0
       0
       0
       0
       0
       0
       0
       0
       0
       0
       0
       0
       0
       0
       0
       0
       0
       0
       0
       0
       0
       0
       0
       0
       0
       0
       0
       0
       0
       0
       0
       0
       0
       0
       0
       0
       0
       0
       0
       0
       0
       0
       0
       0
       0
       0
       0
       0
       0
       0
       0
       0
       0
       0
       0
       0
       0
       0
       0
       0
       0
       0
       0
       0
       0
       0
       0
       0
       0
       0
       0
       0
       0
       0
       0
       0
       0
       0
       0
       0
       0
       0
       0
       0
       0
       0
       0
       0
       0
       0
       0
       0
       0
       0
       0
       0
       0
       0
       0
       0
       0
       0
       0
       0
       0
       0
       0
       0
       0
       0
       0
       0
       0
       0
       0
       0
       0
       0
       0
       0
       0
       0
       0
       0
       0
       0
       0
       0
       0
       0
       0
       0
       0
       0
       0
       0
       0
       0
       0
       0
       0
       0
       0
       0
       0
       0
       0
       0
       0
       0
       0
       0
       0
       0
       0
       0
       0
       0
       0
       0
       0
       0
       0
       0
       0
       0
       0
       0
       0
       0
       0
       0
       0
       0
       0
       0
       0
       0
       0
       0
       0
       0
       0
       0
       0
       0
       0
       0
       0
       0
       0
       0
       0
       0
       0
       0
       0
       0
       0
       0
       0
       0
       0
       0
       0
       0
       0
       0
       0
       0
       0
       0
       0
       0
       0
       0
       0
       0
       0
       0
       0
       0
       0
       0
       0
       0
       0
       0
       0
       0
       0
       0
       0
       0
       0
       0
       0
       0
       0
       0
       0
       0
       0
       0
       0
       0
       0
       0
       0
       0
       0
       0
       0
       0
       0
       0
       0
       0
       0
       0
       0
       0
       0
       0
       0
       0
       0
       0
       0
       0
       0
       0
       0
       0
       0
       0
       0
       0
       0
       0
       0
       0
       0
       0
       0
       0
       0
       0
       0
       0
       0
       0
       0
       0
       0
       0
       0
       0
       0
       0
       0
       0
       0
       0
       0
       0
       0
       0
       0
       0
       0
       0
       0
       0
       0
       0
       0
       0
       0
       0
       0
       0
       0
       0
       0
       0
       0
       0
       0
       0
       0
       0
       0
       0
       0
       0
       0
       0
       0
       0
       0
       0
       0
       0
       0
       0
       0
       0
       0
       0
       0
       0
       0
       0
       0
       0
       0
       0
       0
       0
       0
       0
       0
       0
       0
       0
       0
       0
       0
       0
       0
       0
       0
       0
       0
       0
       0
       0
       0
       0
       0
       0
       0
       0
       0
       0
       0
       0
       0
       1
       0
       0
       0
       0
       0
       0
       0
       0
       0
       0
       0
       0
       0
       0
       0
       0
       0
       0
       0
       0
       0
       0
       0
       0
       0
       0
       0
       0
       0
       0
       0
       0
       0
       0
       0
       0
       0
       0
       0
       0
       0
       0
       0
       0
       0
       0
       0
       0
       0
       0
       0
       0
       0
       0
       0
       0
       0
       0
       0
       0
       0
       0
       0
       0
       0
       0
       0
       0
       0
       0
       0
       0
       0
       0
       0
       0
       0
       0
       0
       0
       0
       0
       0
       0
       0
       0
       0
       0
       0
       0
       0
       0
       0
       0
       0
       0
       0
       0
       0
       0
       0
       0
       0
       0
       0
       0
       0
       0
       0
       0
       0
       0
       0
       0
       0
       0
       0
       0
       0
       0
       0
       0
       0
       0
       0
       0
       0
       0
       0
       0
       0
       0
       0
       0
       0
       0
       0
       0
       0
       0
       0
       0
       0
       0
       0
       0
       0
       0
       0
       0
       0
       0
       0
       0
       0
       0
       0
       0
       0
       0
       0
       0
       0
       0
       0
       0
       0
       0
       0
       0
       0
       0
       0
       0
       0
       0
       0
       0
       0
       0
       0
       0
       0
       0
       0
       0
       0
       0
       0
       0
       0
       0
       0
       0
       0
       0
       0
       0
       0
       0
       0
       0
       0
       0
       0
       0
       0
       0
       0
       0
       0
       0
       0
       0
       0
       0
       0
       0
       0
       0
       0
       0
       0
       0
       0
       0
       0
       0
       0
       0
       0
       0
       0
       0
       0
       0
       0
       0
       0
       0
       0
       0
       0
       0
       0
       0
       0
       0
       0
       0
       0
       0
       0
       0
       0
       0
       0
       0
       0
       0
       0
       0
       0
       0
       0
       0
       0
       0
       0
       0
       0
       0
       0
       0
       0
       0
       0
       0
       0
       0
       0
       0
       0
       0
       0
       0
       0
       0
       0
       0
       0
       0
       0
       0
       0
       0
       0
       0
       0
       0
       0
       0
       0
       0
       0
       0
       0
       0
       0
       0
       0
       0
       0
       0
       0
       0
       0
       0
       0
       0
       0
       0
       0
       0
       0
       0
       0
       0
       0
       0
       0
       0
       0
       0
       0
       0
       0
       0
       0
       0
       0
       0
       0
       0
       0
       0
       0
       0
       0
       0
       0
       0
       0
       0
       0
       0
       0
       0
       0
       0
       0
       1
       0
       0
       0
       0
       0
       0
       0
       0
       0
       0
       0
       0
       0
       0
       0
       0
       0
       0
       0
       0
       0
       0
       0
       0
       0
       0
       0
       0
       0
       0
       0
       0
       0
       0
       0
       0
       0
       0
       0
       0
       0
       0
       0
       0
       0
       0
       0
       0
       0
       0
       0
       0
       0
       0
       0
       0
       0
       0
       0
       0
       0
       0
       0
       0
       0
       0
       0
       0
       0
       0
       0
       0
       0
       0
       0
       0
       0
       0
       0
       0
       0
       0
       0
       0
       0
       0
       0
       0
       0
       0
       0
       0
       0
       0
       0
       0
       0
       0
       0
       0
       0
       0
       0
       0
       0
       0
       0
       0
       0
       0
       0
       0
       0
       0
       0
       0
       0
       0
       0
       0
       0
       0
       0
       0
       0
       0
       0
       0
       0
       0
       0
       0
       0
       0
       0
       0
       0
       0
       0
       0
       0
       0
       0
       0
       0
       0
       0
       0
       0
       0
       0
       0
       0
       0
       0
       0
       0
       0
       0
       0
       0
       0
       0
       0
       0
       0
       0
       0
       0
       0
       0
       0
       0
       0
       0
       0
       0
       0
       0
       0
       0
       0
       0
$ROI:
2
789 819
3273 3299
$PRESETS:
Live Time
3600
0
$ENER_FIT:
8.931054 0.240803
$MCA_CAL:
3
8.931054E+000 2.408025E-001 6.157388E-008 keV
$SHAPE_CAL:
3
9.658150E+000 -1.618950E-003 2.758845E-007
